"","id","year","month","element","VALUE1","MFLAG1","QFLAG1","SFLAG1","VALUE2","MFLAG2","QFLAG2","SFLAG2","VALUE3","MFLAG3","QFLAG3","SFLAG3","VALUE4","MFLAG4","QFLAG4","SFLAG4","VALUE5","MFLAG5","QFLAG5","SFLAG5","VALUE6","MFLAG6","QFLAG6","SFLAG6","VALUE7","MFLAG7","QFLAG7","SFLAG7","VALUE8","MFLAG8","QFLAG8","SFLAG8","VALUE9","MFLAG9","QFLAG9","SFLAG9","VALUE10","MFLAG10","QFLAG10","SFLAG10","VALUE11","MFLAG11","QFLAG11","SFLAG11","VALUE12","MFLAG12","QFLAG12","SFLAG12","VALUE13","MFLAG13","QFLAG13","SFLAG13","VALUE14","MFLAG14","QFLAG14","SFLAG14","VALUE15","MFLAG15","QFLAG15","SFLAG15","VALUE16","MFLAG16","QFLAG16","SFLAG16","VALUE17","MFLAG17","QFLAG17","SFLAG17","VALUE18","MFLAG18","QFLAG18","SFLAG18","VALUE19","MFLAG19","QFLAG19","SFLAG19","VALUE20","MFLAG20","QFLAG20","SFLAG20","VALUE21","MFLAG21","QFLAG21","SFLAG21","VALUE22","MFLAG22","QFLAG22","SFLAG22","VALUE23","MFLAG23","QFLAG23","SFLAG23","VALUE24","MFLAG24","QFLAG24","SFLAG24","VALUE25","MFLAG25","QFLAG25","SFLAG25","VALUE26","MFLAG26","QFLAG26","SFLAG26","VALUE27","MFLAG27","QFLAG27","SFLAG27","VALUE28","MFLAG28","QFLAG28","SFLAG28","VALUE29","MFLAG29","QFLAG29","SFLAG29","VALUE30","MFLAG30","QFLAG30","SFLAG30","VALUE31","MFLAG31","QFLAG31","SFLAG31"
"1","USS0012L05S",2010,9,"SNWD",NA," "," "," ",NA," "," "," ",NA," "," "," ",NA," "," "," ",NA," "," "," ",NA," "," "," ",NA," "," "," ",NA," "," "," ",NA," "," "," ",NA," "," "," ",NA," "," "," ",NA," "," "," ",NA," "," "," ",NA," "," "," ",NA," "," "," ",NA," "," "," ",NA," "," "," ",NA," "," "," ",NA," "," "," ",NA," "," "," ",NA," "," "," ",NA," "," "," ",NA," "," "," ",NA," "," "," ",NA," "," "," ",NA," "," "," ",NA," "," "," ",NA," "," "," ",NA," "," "," ",0," "," ","T",NA," "," "," "
"2","USS0012L05S",2010,9,"WESD",NA," "," "," ",NA," "," "," ",NA," "," "," ",NA," "," "," ",NA," "," "," ",NA," "," "," ",NA," "," "," ",NA," "," "," ",NA," "," "," ",NA," "," "," ",NA," "," "," ",NA," "," "," ",NA," "," "," ",NA," "," "," ",NA," "," "," ",NA," "," "," ",NA," "," "," ",NA," "," "," ",NA," "," "," ",NA," "," "," ",NA," "," "," ",NA," "," "," ",NA," "," "," ",NA," "," "," ",NA," "," "," ",NA," "," "," ",NA," "," "," ",NA," "," "," ",NA," "," "," ",0," "," ","T",NA," "," "," "
"3","USS0012L05S",2010,10,"PRCP",0," "," ","T",25," "," ","T",25," "," ","T",102," "," ","T",381," "," ","T",406," "," ","T",25," "," ","T",0," "," ","T",0," "," ","T",0," "," ","T",0," "," ","T",0," "," ","T",0," "," ","T",0," "," ","T",0," "," ","T",0," "," ","T",25," "," ","T",178," "," ","T",25," "," ","T",25," "," ","T",0," "," ","T",51," "," ","T",51," "," ","T",25," "," ","T",102," "," ","T",25," "," ","T",0," "," ","T",25," "," ","T",0," "," ","T",25," "," ","T",0," "," ","T"
"4","USS0012L05S",2010,10,"SNWD",0," "," ","T",0," "," ","T",0," "," ","T",0," "," ","T",0," "," ","T",0," "," ","T",0," "," ","T",0," "," ","T",0," "," ","T",0," "," ","T",0," "," ","T",0," "," ","T",0," "," ","T",0," "," ","T",0," "," ","T",0," "," ","T",0," "," ","T",0," "," ","T",0," "," ","T",25," "," ","T",25," "," ","T",25," "," ","T",25," "," ","T",25," "," ","T",51," "," ","T",76," "," ","T",51," "," ","T",25," "," ","T",25," "," ","T",25," "," ","T",25," "," ","T"
"5","USS0012L05S",2010,10,"TAVG",151," "," ","T",126," "," ","T",106," "," ","T",59," "," ","T",43," "," ","T",31," "," ","T",47," "," ","T",34," "," ","T",39," "," ","T",60," "," ","T",71," "," ","T",57," "," ","T",71," "," ","T",94," "," ","T",85," "," ","T",90," "," ","T",66," "," ","T",37," "," ","T",50," "," ","T",62," "," ","T",51," "," ","T",31," "," ","T",26," "," ","T",48," "," ","T",-22," "," ","T",-35," "," ","T",-37," "," ","T",20," "," ","T",47," "," ","T",22," "," ","T",15," "," ","T"
"6","USS0012L05S",2010,10,"WESD",0," "," ","T",0," "," ","T",0," "," ","T",0," "," ","T",0," "," ","T",0," "," ","T",0," "," ","T",0," "," ","T",0," "," ","T",0," "," ","T",0," "," ","T",0," "," ","T",0," "," ","T",0," "," ","T",0," "," ","T",0," "," ","T",0," "," ","T",0," "," ","T",0," "," ","T",25," "," ","T",25," "," ","T",25," "," ","T",25," "," ","T",51," "," ","T",51," "," ","T",51," "," ","T",25," "," ","T",102," "," ","T",76," "," ","T",76," "," ","T",51," "," ","T"
"7","USS0012L05S",2010,11,"PRCP",0," "," ","T",0," "," ","T",0," "," ","T",0," "," ","T",0," "," ","T",0," "," ","T",0," "," ","T",102," "," ","T",0," "," ","T",51," "," ","T",0," "," ","T",25," "," ","T",0," "," ","T",76," "," ","T",178," "," ","T",0," "," ","T",25," "," ","T",0," "," ","T",0," "," ","T",51," "," ","T",127," "," ","T",0," "," ","T",127," "," ","T",0," "," ","T",0," "," ","T",0," "," ","T",0," "," ","T",178," "," ","T",0," "," ","T",25," "," ","T",NA," "," "," "
"8","USS0012L05S",2010,11,"SNWD",25," "," ","T",25," "," ","T",25," "," ","T",25," "," ","T",0," "," ","T",0," "," ","T",0," "," ","T",76," "," ","T",51," "," ","T",102," "," ","T",102," "," ","T",102," "," ","T",102," "," ","T",102," "," ","T",152," "," ","T",152," "," ","T",152," "," ","T",152," "," ","T",152," "," ","T",152," "," ","T",305," "," ","T",279," "," ","T",330," "," ","T",279," "," ","T",279," "," ","T",279," "," ","T",254," "," ","T",381," "," ","T",305," "," ","T",330," "," ","T",NA," "," "," "
"9","USS0012L05S",2010,11,"TAVG",31," "," ","T",86," "," ","T",88," "," ","T",86," "," ","T",86," "," ","T",66," "," ","T",45," "," ","T",-3," "," ","T",-74," "," ","T",-51," "," ","T",-65," "," ","T",-38," "," ","T",-41," "," ","T",-24," "," ","T",-13," "," ","T",2," "," ","T",-13," "," ","T",35," "," ","T",26," "," ","T",-1," "," ","T",-55," "," ","T",-81," "," ","T",-69," "," ","T",-150," "," ","T",-132," "," ","T",-32," "," ","T",-23," "," ","T",-91," "," ","T",-129," "," ","T",-50," "," ","T",NA," "," "," "
"10","USS0012L05S",2010,11,"WESD",51," "," ","T",51," "," ","T",51," "," ","T",25," "," ","T",0," "," ","T",0," "," ","T",0," "," ","T",76," "," ","T",76," "," ","T",127," "," ","T",51," "," ","T",102," "," ","T",127," "," ","T",203," "," ","T",305," "," ","T",279," "," ","T",305," "," ","T",305," "," ","T",330," "," ","T",330," "," ","T",406," "," ","T",406," "," ","T",508," "," ","T",508," "," ","T",508," "," ","T",508," "," ","T",508," "," ","T",584," "," ","T",584," "," ","T",610," "," ","T",NA," "," "," "
"11","USS0012L05S",2010,12,"PRCP",0," "," ","T",0," "," ","T",0," "," ","T",0," "," ","T",0," "," ","T",51," "," ","T",0," "," ","T",0," "," ","T",0," "," ","T",0," "," ","T",0," "," ","T",0," "," ","T",25," "," ","T",0," "," ","T",0," "," ","T",0," "," ","T",25," "," ","T",76," "," ","T",152," "," ","T",356," "," ","T",254," "," ","T",76," "," ","T",0," "," ","T",0," "," ","T",0," "," ","T",25," "," ","T",0," "," ","T",25," "," ","T",76," "," ","T",51," "," ","T",25," "," ","T"
"12","USS0012L05S",2010,12,"SNWD",305," "," ","T",279," "," ","T",279," "," ","T",279," "," ","T",279," "," ","T",330," "," ","T",330," "," ","T",305," "," ","T",305," "," ","T",305," "," ","T",305," "," ","T",279," "," ","T",305," "," ","T",279," "," ","T",305," "," ","T",305," "," ","T",330," "," ","T",356," "," ","T",432," "," ","T",711," "," ","T",787," "," ","T",813," "," ","T",787," "," ","T",737," "," ","T",711," "," ","T",762," "," ","T",737," "," ","T",711," "," ","T",711," "," ","T",686," "," ","T",711," "," ","T"
"13","USS0012L05S",2010,12,"TAVG",17," "," ","T",28," "," ","T",36," "," ","T",17," "," ","T",15," "," ","T",3," "," ","T",-15," "," ","T",28," "," ","T",23," "," ","T",15," "," ","T",-3," "," ","T",28," "," ","T",63," "," ","T",47," "," ","T",-31," "," ","T",-57," "," ","T",-49," "," ","T",-6," "," ","T",12," "," ","T",-2," "," ","T",-3," "," ","T",-3," "," ","T",-25," "," ","T",-26," "," ","T",-17," "," ","T",-29," "," ","T",-77," "," ","T",-38," "," ","T",-49," "," ","T",-157," "," ","T",-194," "," ","T"
"14","USS0012L05S",2010,12,"WESD",610," "," ","T",610," "," ","T",610," "," ","T",610," "," ","T",610," "," ","T",660," "," ","T",660," "," ","T",660," "," ","T",660," "," ","T",660," "," ","T",660," "," ","T",660," "," ","T",686," "," ","T",660," "," ","T",660," "," ","T",660," "," ","T",660," "," ","T",762," "," ","T",889," "," ","T",1295," "," ","T",1448," "," ","T",1524," "," ","T",1524," "," ","T",1524," "," ","T",1524," "," ","T",1549," "," ","T",1549," "," ","T",1549," "," ","T",1575," "," ","T",1600," "," ","T",1626," "," ","T"
"15","USS0012L05S",2011,1,"PRCP",0," "," ","T",25," "," ","T",0," "," ","T",0," "," ","T",0," "," ","T",0," "," ","T",0," "," ","T",0," "," ","T",0," "," ","T",0," "," ","T",51," "," ","T",25," "," ","T",0," "," ","T",0," "," ","T",0," "," ","T",0," "," ","T",0," "," ","T",0," "," ","T",0," "," ","T",0," "," ","T",0," "," ","T",0," "," ","T",0," "," ","T",0," "," ","T",0," "," ","T",0," "," ","T",25," "," ","T",0," "," ","T",0," "," ","T",0," "," ","T",0," "," ","T"
"16","USS0012L05S",2011,1,"SNWD",686," "," ","T",686," "," ","T",711," "," ","T",686," "," ","T",686," "," ","T",686," "," ","T",660," "," ","T",660," "," ","T",686," "," ","T",686," "," ","T",686," "," ","T",660," "," ","T",660," "," ","T",660," "," ","T",660," "," ","T",635," "," ","T",610," "," ","T",610," "," ","T",610," "," ","T",610," "," ","T",610," "," ","T",610," "," ","T",584," "," ","T",584," "," ","T",584," "," ","T",584," "," ","T",584," "," ","T",584," "," ","T",610," "," ","T",584," "," ","T",635," "," ","T"
"17","USS0012L05S",2011,1,"TAVG",-151," "," ","T",-66," "," ","T",-67," "," ","T",-84," "," ","T",-50," "," ","T",-24," "," ","T",-6," "," ","T",-11," "," ","T",-86," "," ","T",-163," "," ","T",-86," "," ","T",-28," "," ","T",3," "," ","T",-12," "," ","T",-16," "," ","T",28," "," ","T",30," "," ","T",-1," "," ","T",-42," "," ","T",-54," "," ","T",-10," "," ","T",-29," "," ","T",-40," "," ","T",-32," "," ","T",-34," "," ","T",-41," "," ","T",0," "," ","T",13," "," ","T",12," "," ","T",-25," "," ","T",-78," "," ","T"
"18","USS0012L05S",2011,1,"WESD",1626," "," ","T",1626," "," ","T",1626," "," ","T",1626," "," ","T",1626," "," ","T",1626," "," ","T",1626," "," ","T",1626," "," ","T",1626," "," ","T",1626," "," ","T",1651," "," ","T",1676," "," ","T",1676," "," ","T",1676," "," ","T",1676," "," ","T",1676," "," ","T",1626," "," ","T",1626," "," ","T",1626," "," ","T",1626," "," ","T",1626," "," ","T",1626," "," ","T",1626," "," ","T",1626," "," ","T",1626," "," ","T",1626," "," ","T",1626," "," ","T",1626," "," ","T",1626," "," ","T",1626," "," ","T",1651," "," ","T"
"19","USS0012L05S",2011,2,"PRCP",76," "," ","T",0," "," ","T",0," "," ","T",76," "," ","T",0," "," ","T",0," "," ","T",102," "," ","T",0," "," ","T",0," "," ","T",0," "," ","T",0," "," ","T",0," "," ","T",0," "," ","T",0," "," ","T",0," "," ","T",51," "," ","T",0," "," ","T",0," "," ","T",229," "," ","T",0," "," ","T",25," "," ","T",0," "," ","T",0," "," ","T",25," "," ","T",0," "," ","T",152," "," ","T",0," "," ","T",0," "," ","T",NA," "," "," ",NA," "," "," ",NA," "," "," "
"20","USS0012L05S",2011,2,"SNWD",711," "," ","T",686," "," ","T",686," "," ","T",660," "," ","T",686," "," ","T",686," "," ","T",787," "," ","T",787," "," ","T",762," "," ","T",762," "," ","T",737," "," ","T",737," "," ","T",737," "," ","T",711," "," ","T",711," "," ","T",711," "," ","T",737," "," ","T",737," "," ","T",965," "," ","T",940," "," ","T",914," "," ","T",889," "," ","T",889," "," ","T",864," "," ","T",864," "," ","T",1041," "," ","T",991," "," ","T",940," "," ","T",NA," "," "," ",NA," "," "," ",NA," "," "," "
"21","USS0012L05S",2011,2,"TAVG",-170," "," ","T",-192," "," ","T",-59," "," ","T",-15," "," ","T",-27," "," ","T",-52," "," ","T",-17," "," ","T",-101," "," ","T",-119," "," ","T",-78," "," ","T",-43," "," ","T",8," "," ","T",19," "," ","T",16," "," ","T",15," "," ","T",-1," "," ","T",-46," "," ","T",-27," "," ","T",-40," "," ","T",-84," "," ","T",-90," "," ","T",-72," "," ","T",-58," "," ","T",-48," "," ","T",-42," "," ","T",-44," "," ","T",-63," "," ","T",-17," "," ","T",NA," "," "," ",NA," "," "," ",NA," "," "," "
"22","USS0012L05S",2011,2,"WESD",1753," "," ","T",1753," "," ","T",1753," "," ","T",1803," "," ","T",1880," "," ","T",1880," "," ","T",2032," "," ","T",2032," "," ","T",2032," "," ","T",2032," "," ","T",2032," "," ","T",2032," "," ","T",2032," "," ","T",2032," "," ","T",2032," "," ","T",2083," "," ","T",2083," "," ","T",2083," "," ","T",2286," "," ","T",2286," "," ","T",2286," "," ","T",2286," "," ","T",2286," "," ","T",2311," "," ","T",2311," "," ","T",2438," "," ","T",2438," "," ","T",2438," "," ","T",NA," "," "," ",NA," "," "," ",NA," "," "," "
"23","USS0012L05S",2011,3,"PRCP",0," "," ","T",0," "," ","T",76," "," ","T",0," "," ","T",0," "," ","T",0," "," ","T",152," "," ","T",25," "," ","T",0," "," ","T",0," "," ","T",0," "," ","T",0," "," ","T",0," "," ","T",25," "," ","T",0," "," ","T",76," "," ","T",76," "," ","T",0," "," ","T",0," "," ","T",25," "," ","T",0," "," ","T",0," "," ","T",0," "," ","T",25," "," ","T",25," "," ","T",76," "," ","T",25," "," ","T",0," "," ","T",0," "," ","T",0," "," ","T",0," "," ","T"
"24","USS0012L05S",2011,3,"SNWD",940," "," ","T",914," "," ","T",991," "," ","T",940," "," ","T",914," "," ","T",940," "," ","T",1143," "," ","T",1067," "," ","T",1016," "," ","T",965," "," ","T",914," "," ","T",889," "," ","T",889," "," ","T",864," "," ","T",838," "," ","T",889," "," ","T",914," "," ","T",838," "," ","T",838," "," ","T",838," "," ","T",889," "," ","T",889," "," ","T",864," "," ","T",864," "," ","T",889," "," ","T",940," "," ","T",914," "," ","T",914," "," ","T",889," "," ","T",864," "," ","T",813," "," ","T"
"25","USS0012L05S",2011,3,"TAVG",3," "," ","T",7," "," ","T",-12," "," ","T",-36," "," ","T",-2," "," ","T",-6," "," ","T",-38," "," ","T",-52," "," ","T",-17," "," ","T",28," "," ","T",42," "," ","T",22," "," ","T",15," "," ","T",26," "," ","T",39," "," ","T",48," "," ","T",-25," "," ","T",-5," "," ","T",-8," "," ","T",-11," "," ","T",-31," "," ","T",-57," "," ","T",-29," "," ","T",-30," "," ","T",-47," "," ","T",-45," "," ","T",0," "," ","T",-18," "," ","T",-18," "," ","T",11," "," ","T",56," "," ","T"
"26","USS0012L05S",2011,3,"WESD",2438," "," ","T",2438," "," ","T",2464," "," ","T",2464," "," ","T",2464," "," ","T",2464," "," ","T",2540," "," ","T",2565," "," ","T",2565," "," ","T",2464," "," ","T",2438," "," ","T",2413," "," ","T",2413," "," ","T",2388," "," ","T",2362," "," ","T",2438," "," ","T",2489," "," ","T",2489," "," ","T",2489," "," ","T",2489," "," ","T",2489," "," ","T",2489," "," ","T",2489," "," ","T",2515," "," ","T",2540," "," ","T",2591," "," ","T",2616," "," ","T",2616," "," ","T",2616," "," ","T",2616," "," ","T",2616," "," ","T"
"27","USS0012L05S",2011,4,"PRCP",0," "," ","T",0," "," ","T",51," "," ","T",25," "," ","T",0," "," ","T",0," "," ","T",51," "," ","T",76," "," ","T",152," "," ","T",0," "," ","T",0," "," ","T",0," "," ","T",25," "," ","T",25," "," ","T",25," "," ","T",0," "," ","T",0," "," ","T",127," "," ","T",25," "," ","T",51," "," ","T",51," "," ","T",0," "," ","T",25," "," ","T",76," "," ","T",152," "," ","T",102," "," ","T",0," "," ","T",25," "," ","T",0," "," ","T",0," "," ","T",NA," "," "," "
"28","USS0012L05S",2011,4,"SNWD",762," "," ","T",686," "," ","T",838," "," ","T",737," "," ","T",711," "," ","T",686," "," ","T",686," "," ","T",686," "," ","T",889," "," ","T",838," "," ","T",762," "," ","T",711," "," ","T",762," "," ","T",787," "," ","T",737," "," ","T",686," "," ","T",610," "," ","T",635," "," ","T",610," "," ","T",635," "," ","T",610," "," ","T",533," "," ","T",533," "," ","T",584," "," ","T",686," "," ","T",787," "," ","T",686," "," ","T",610," "," ","T",635," "," ","T",635," "," ","T",NA," "," "," "
"29","USS0012L05S",2011,4,"TAVG",70," "," ","T",88," "," ","T",-45," "," ","T",-16," "," ","T",61," "," ","T",8," "," ","T",-7," "," ","T",-36," "," ","T",-50," "," ","T",-48," "," ","T",8," "," ","T",27," "," ","T",12," "," ","T",-30," "," ","T",13," "," ","T",49," "," ","T",81," "," ","T",52," "," ","T",23," "," ","T",51," "," ","T",20," "," ","T",6," "," ","T",9," "," ","T",10," "," ","T",7," "," ","T",-44," "," ","T",-24," "," ","T",43," "," ","T",-36," "," ","T",-58," "," ","T",NA," "," "," "
"30","USS0012L05S",2011,4,"WESD",2565," "," ","T",2489," "," ","T",2591," "," ","T",2591," "," ","T",2413," "," ","T",2413," "," ","T",2388," "," ","T",2388," "," ","T",2515," "," ","T",2515," "," ","T",2388," "," ","T",2286," "," ","T",2286," "," ","T",2311," "," ","T",2261," "," ","T",2235," "," ","T",2159," "," ","T",2159," "," ","T",2159," "," ","T",2159," "," ","T",2159," "," ","T",2134," "," ","T",2134," "," ","T",2210," "," ","T",2362," "," ","T",2464," "," ","T",2413," "," ","T",2388," "," ","T",2388," "," ","T",2388," "," ","T",NA," "," "," "
"31","USS0012L05S",2011,5,"PRCP",25," "," ","T",0," "," ","T",0," "," ","T",0," "," ","T",0," "," ","T",0," "," ","T",0," "," ","T",0," "," ","T",152," "," ","T",25," "," ","T",0," "," ","T",0," "," ","T",0," "," ","T",0," "," ","T",0," "," ","T",25," "," ","T",25," "," ","T",203," "," ","T",229," "," ","T",0," "," ","T",25," "," ","T",0," "," ","T",25," "," ","T",25," "," ","T",0," "," ","T",0," "," ","T",0," "," ","T",0," "," ","T",0," "," ","T",51," "," ","T",0," "," ","T"
"32","USS0012L05S",2011,5,"SNWD",635," "," ","T",610," "," ","T",533," "," ","T",483," "," ","T",406," "," ","T",381," "," ","T",279," "," ","T",178," "," ","T",305," "," ","T",279," "," ","T",254," "," ","T",178," "," ","T",102," "," ","T",51," "," ","T",51," "," ","T",25," "," ","T",25," "," ","T",76," "," ","T",178," "," ","T",178," "," ","T",51," "," ","T",0," "," ","T",0," "," ","T",0," "," ","T",0," "," ","T",0," "," ","T",0," "," ","T",0," "," ","T",0," "," ","T",0," "," ","T",0," "," ","T"
"33","USS0012L05S",2011,5,"TAVG",-32," "," ","T",14," "," ","T",59," "," ","T",37," "," ","T",78," "," ","T",98," "," ","T",108," "," ","T",67," "," ","T",-4," "," ","T",-3," "," ","T",13," "," ","T",54," "," ","T",82," "," ","T",70," "," ","T",76," "," ","T",30," "," ","T",9," "," ","T",2," "," ","T",-4," "," ","T",15," "," ","T",55," "," ","T",69," "," ","T",37," "," ","T",20," "," ","T",76," "," ","T",88," "," ","T",88," "," ","T",98," "," ","T",37," "," ","T",13," "," ","T",80," "," ","T"
"34","USS0012L05S",2011,5,"WESD",2388," "," ","T",2388," "," ","T",2311," "," ","T",2235," "," ","T",2108," "," ","T",1905," "," ","T",1626," "," ","T",762," "," ","T",940," "," ","T",965," "," ","T",889," "," ","T",635," "," ","T",381," "," ","T",203," "," ","T",178," "," ","T",102," "," ","T",102," "," ","T",305," "," ","T",533," "," ","T",533," "," ","T",203," "," ","T",0," "," ","T",0," "," ","T",0," "," ","T",0," "," ","T",0," "," ","T",0," "," ","T",0," "," ","T",0," "," ","T",0," "," ","T",0," "," ","T"
"35","USS0012L05S",2011,6,"PRCP",0," "," ","T",0," "," ","T",0," "," ","T",0," "," ","T",0," "," ","T",0," "," ","T",0," "," ","T",0," "," ","T",0," "," ","T",0," "," ","T",0," "," ","T",0," "," ","T",0," "," ","T",0," "," ","T",0," "," ","T",0," "," ","T",0," "," ","T",0," "," ","T",127," "," ","T",0," "," ","T",0," "," ","T",0," "," ","T",0," "," ","T",0," "," ","T",0," "," ","T",0," "," ","T",0," "," ","T",178," "," ","T",0," "," ","T",76," "," ","T",NA," "," "," "
"36","USS0012L05S",2011,6,"SNWD",0," "," ","T",0," "," ","T",0," "," ","T",0," "," ","T",0," "," ","T",0," "," ","T",0," "," ","T",0," "," ","T",0," "," ","T",0," "," ","T",0," "," ","T",0," "," ","T",0," "," ","T",0," "," ","T",0," "," ","T",0," "," ","T",0," "," ","T",0," "," ","T",0," "," ","T",0," "," ","T",0," "," ","T",0," "," ","T",0," "," ","T",0," "," ","T",0," "," ","T",0," "," ","T",0," "," ","T",0," "," ","T",0," "," ","T",0," "," ","T",NA," "," "," "
"37","USS0012L05S",2011,6,"TAVG",103," "," ","T",59," "," ","T",61," "," ","T",109," "," ","T",134," "," ","T",102," "," ","T",90," "," ","T",95," "," ","T",86," "," ","T",110," "," ","T",122," "," ","T",113," "," ","T",114," "," ","T",115," "," ","T",155," "," ","T",115," "," ","T",80," "," ","T",122," "," ","T",50," "," ","T",72," "," ","T",114," "," ","T",153," "," ","T",172," "," ","T",168," "," ","T",158," "," ","T",150," "," ","T",157," "," ","T",171," "," ","T",164," "," ","T",112," "," ","T",NA," "," "," "
"38","USS0012L05S",2011,6,"WESD",0," "," ","T",0," "," ","T",0," "," ","T",0," "," ","T",0," "," ","T",0," "," ","T",0," "," ","T",0," "," ","T",0," "," ","T",0," "," ","T",0," "," ","T",0," "," ","T",0," "," ","T",0," "," ","T",0," "," ","T",0," "," ","T",0," "," ","T",0," "," ","T",0," "," ","T",0," "," ","T",0," "," ","T",0," "," ","T",0," "," ","T",0," "," ","T",0," "," ","T",0," "," ","T",0," "," ","T",0," "," ","T",0," "," ","T",0," "," ","T",NA," "," "," "
"39","USS0012L05S",2011,7,"PRCP",0," "," ","T",0," "," ","T",0," "," ","T",0," "," ","T",0," "," ","T",0," "," ","T",152," "," ","T",102," "," ","T",76," "," ","T",25," "," ","T",51," "," ","T",76," "," ","T",0," "," ","T",51," "," ","T",51," "," ","T",51," "," ","T",0," "," ","T",76," "," ","T",0," "," ","T",25," "," ","T",25," "," ","T",0," "," ","T",25," "," ","T",0," "," ","T",0," "," ","T",0," "," ","T",0," "," ","T",76," "," ","T",25," "," ","T",0," "," ","T",51," "," ","T"
"40","USS0012L05S",2011,7,"SNWD",0," "," ","T",0," "," ","T",0," "," ","T",0," "," ","T",0," "," ","T",0," "," ","T",0," "," ","T",0," "," ","T",0," "," ","T",0," "," ","T",0," "," ","T",0," "," ","T",0," "," ","T",0," "," ","T",0," "," ","T",0," "," ","T",0," "," ","T",0," "," ","T",0," "," ","T",0," "," ","T",0," "," ","T",0," "," ","T",0," "," ","T",0," "," ","T",0," "," ","T",0," "," ","T",0," "," ","T",0," "," ","T",0," "," ","T",0," "," ","T",0," "," ","T"
"41","USS0012L05S",2011,7,"TAVG",153," "," ","T",175," "," ","T",178," "," ","T",155," "," ","T",144," "," ","T",143," "," ","T",150," "," ","T",128," "," ","T",132," "," ","T",130," "," ","T",121," "," ","T",128," "," ","T",128," "," ","T",134," "," ","T",131," "," ","T",145," "," ","T",160," "," ","T",146," "," ","T",162," "," ","T",169," "," ","T",165," "," ","T",156," "," ","T",162," "," ","T",180," "," ","T",157," "," ","T",127," "," ","T",124," "," ","T",144," "," ","T",159," "," ","T",146," "," ","T",136," "," ","T"
"42","USS0012L05S",2011,7,"WESD",0," "," ","T",0," "," ","T",0," "," ","T",0," "," ","T",0," "," ","T",0," "," ","T",0," "," ","T",0," "," ","T",0," "," ","T",0," "," ","T",0," "," ","T",0," "," ","T",0," "," ","T",0," "," ","T",0," "," ","T",0," "," ","T",0," "," ","T",0," "," ","T",0," "," ","T",0," "," ","T",0," "," ","T",0," "," ","T",0," "," ","T",0," "," ","T",0," "," ","T",0," "," ","T",0," "," ","T",0," "," ","T",0," "," ","T",0," "," ","T",0," "," ","T"
"43","USS0012L05S",2011,8,"PRCP",25," "," ","T",0," "," ","T",0," "," ","T",51," "," ","T",51," "," ","T",25," "," ","T",0," "," ","T",51," "," ","T",25," "," ","T",0," "," ","T",0," "," ","T",0," "," ","T",0," "," ","T",0," "," ","T",0," "," ","T",0," "," ","T",25," "," ","T",0," "," ","T",0," "," ","T",0," "," ","T",51," "," ","T",25," "," ","T",0," "," ","T",0," "," ","T",0," "," ","T",51," "," ","T",0," "," ","T",0," "," ","T",0," "," ","T",25," "," ","T",51," "," ","T"
"44","USS0012L05S",2011,8,"SNWD",0," "," ","T",0," "," ","T",0," "," ","T",0," "," ","T",0," "," ","T",0," "," ","T",0," "," ","T",0," "," ","T",0," "," ","T",0," "," ","T",0," "," ","T",0," "," ","T",0," "," ","T",0," "," ","T",0," "," ","T",0," "," ","T",0," "," ","T",0," "," ","T",0," "," ","T",0," "," ","T",0," "," ","T",0," "," ","T",0," "," ","T",0," "," ","T",0," "," ","T",0," "," ","T",0," "," ","T",0," "," ","T",0," "," ","T",0," "," ","T",0," "," ","T"
"45","USS0012L05S",2011,8,"TAVG",137," "," ","T",152," "," ","T",129," "," ","T",139," "," ","T",149," "," ","T",149," "," ","T",146," "," ","T",166," "," ","T",168," "," ","T",167," "," ","T",169," "," ","T",173," "," ","T",164," "," ","T",138," "," ","T",157," "," ","T",160," "," ","T",179," "," ","T",157," "," ","T",159," "," ","T",140," "," ","T",138," "," ","T",155," "," ","T",163," "," ","T",168," "," ","T",149," "," ","T",154," "," ","T",166," "," ","T",139," "," ","T",148," "," ","T",146," "," ","T",151," "," ","T"
"46","USS0012L05S",2011,8,"WESD",0," "," ","T",0," "," ","T",0," "," ","T",0," "," ","T",0," "," ","T",0," "," ","T",0," "," ","T",0," "," ","T",0," "," ","T",0," "," ","T",0," "," ","T",0," "," ","T",0," "," ","T",0," "," ","T",0," "," ","T",0," "," ","T",0," "," ","T",0," "," ","T",0," "," ","T",0," "," ","T",0," "," ","T",0," "," ","T",0," "," ","T",0," "," ","T",0," "," ","T",0," "," ","T",0," "," ","T",0," "," ","T",0," "," ","T",0," "," ","T",0," "," ","T"
"47","USS0012L05S",2011,9,"PRCP",0," "," ","T",25," "," ","T",0," "," ","T",0," "," ","T",0," "," ","T",0," "," ","T",0," "," ","T",0," "," ","T",0," "," ","T",0," "," ","T",0," "," ","T",25," "," ","T",102," "," ","T",51," "," ","T",102," "," ","T",51," "," ","T",51," "," ","T",76," "," ","T",0," "," ","T",0," "," ","T",0," "," ","T",0," "," ","T",25," "," ","T",0," "," ","T",0," "," ","T",0," "," ","T",0," "," ","T",51," "," ","T",0," "," ","T",0," "," ","T",NA," "," "," "
"48","USS0012L05S",2011,9,"SNWD",0," "," ","T",0," "," ","T",0," "," ","T",0," "," ","T",0," "," ","T",0," "," ","T",0," "," ","T",0," "," ","T",0," "," ","T",0," "," ","T",0," "," ","T",0," "," ","T",0," "," ","T",0," "," ","T",0," "," ","T",0," "," ","T",0," "," ","T",0," "," ","T",0," "," ","T",0," "," ","T",0," "," ","T",0," "," ","T",0," "," ","T",0," "," ","T",0," "," ","T",0," "," ","T",0," "," ","T",0," "," ","T",0," "," ","T",0," "," ","T",NA," "," "," "
"49","USS0012L05S",2011,9,"TAVG",147," "," ","T",144," "," ","T",143," "," ","T",143," "," ","T",129," "," ","T",108," "," ","T",113," "," ","T",117," "," ","T",93," "," ","T",70," "," ","T",79," "," ","T",91," "," ","T",95," "," ","T",61," "," ","T",71," "," ","T",73," "," ","T",78," "," ","T",98," "," ","T",112," "," ","T",117," "," ","T",110," "," ","T",103," "," ","T",115," "," ","T",120," "," ","T",127," "," ","T",113," "," ","T",120," "," ","T",132," "," ","T",141," "," ","T",130," "," ","T",NA," "," "," "
"50","USS0012L05S",2011,9,"WESD",0," "," ","T",0," "," ","T",0," "," ","T",0," "," ","T",0," "," ","T",0," "," ","T",0," "," ","T",0," "," ","T",0," "," ","T",0," "," ","T",0," "," ","T",0," "," ","T",0," "," ","T",0," "," ","T",0," "," ","T",0," "," ","T",0," "," ","T",0," "," ","T",0," "," ","T",0," "," ","T",0," "," ","T",0," "," ","T",0," "," ","T",0," "," ","T",0," "," ","T",0," "," ","T",0," "," ","T",0," "," ","T",0," "," ","T",0," "," ","T",NA," "," "," "
"51","USS0012L05S",2011,10,"PRCP",0," "," ","T",0," "," ","T",0," "," ","T",0," "," ","T",51," "," ","T",102," "," ","T",25," "," ","T",51," "," ","T",0," "," ","T",0," "," ","T",51," "," ","T",0," "," ","T",51," "," ","T",0," "," ","T",0," "," ","T",0," "," ","T",0," "," ","T",0," "," ","T",0," "," ","T",0," "," ","T",0," "," ","T",0," "," ","T",0," "," ","T",0," "," ","T",25," "," ","T",0," "," ","T",0," "," ","T",0," "," ","T",0," "," ","T",0," "," ","T",0," "," ","T"
"52","USS0012L05S",2011,10,"SNWD",0," "," ","T",0," "," ","T",0," "," ","T",0," "," ","T",127," "," ","T",178," "," ","T",102," "," ","T",102," "," ","T",51," "," ","T",0," "," ","T",0," "," ","T",0," "," ","T",0," "," ","T",0," "," ","T",0," "," ","T",0," "," ","T",0," "," ","T",0," "," ","T",0," "," ","T",0," "," ","T",0," "," ","T",0," "," ","T",0," "," ","T",0," "," ","T",0," "," ","T",0," "," ","T",0," "," ","T",0," "," ","T",0," "," ","T",0," "," ","T",0," "," ","T"
"53","USS0012L05S",2011,10,"TAVG",105," "," ","T",105," "," ","T",97," "," ","T",78," "," ","T",26," "," ","T",-34," "," ","T",-28," "," ","T",-2," "," ","T",10," "," ","T",38," "," ","T",60," "," ","T",60," "," ","T",88," "," ","T",108," "," ","T",127," "," ","T",101," "," ","T",49," "," ","T",57," "," ","T",76," "," ","T",66," "," ","T",68," "," ","T",59," "," ","T",79," "," ","T",84," "," ","T",48," "," ","T",-40," "," ","T",-14," "," ","T",16," "," ","T",39," "," ","T",46," "," ","T",57," "," ","T"
"54","USS0012L05S",2011,10,"WESD",0," "," ","T",0," "," ","T",0," "," ","T",0," "," ","T",152," "," ","T",127," "," ","T",152," "," ","T",102," "," ","T",102," "," ","T",0," "," ","T",0," "," ","T",0," "," ","T",0," "," ","T",0," "," ","T",0," "," ","T",0," "," ","T",0," "," ","T",0," "," ","T",0," "," ","T",0," "," ","T",0," "," ","T",0," "," ","T",0," "," ","T",0," "," ","T",0," "," ","T",0," "," ","T",0," "," ","T",0," "," ","T",0," "," ","T",0," "," ","T",0," "," ","T"
"55","USS0012L05S",2011,11,"PRCP",0," "," ","T",0," "," ","T",0," "," ","T",0," "," ","T",25," "," ","T",25," "," ","T",0," "," ","T",0," "," ","T",0," "," ","T",51," "," ","T",51," "," ","T",0," "," ","T",0," "," ","T",0," "," ","T",0," "," ","T",0," "," ","T",51," "," ","T",0," "," ","T",0," "," ","T",0," "," ","T",0," "," ","T",0," "," ","T",0," "," ","T",0," "," ","T",0," "," ","T",0," "," ","T",51," "," ","T",0," "," ","T",0," "," ","T",25," "," ","T",NA," "," "," "
"56","USS0012L05S",2011,11,"SNWD",0," "," ","T",0," "," ","T",0," "," ","T",0," "," ","T",0," "," ","T",76," "," ","T",102," "," ","T",76," "," ","T",76," "," ","T",76," "," ","T",76," "," ","T",51," "," ","T",102," "," ","T",76," "," ","T",102," "," ","T",76," "," ","T",76," "," ","T",76," "," ","T",76," "," ","T",76," "," ","T",76," "," ","T",102," "," ","T",76," "," ","T",76," "," ","T",102," "," ","T",102," "," ","T",76," "," ","T",51," "," ","T",51," "," ","T",102," "," ","T",NA," "," "," "
"57","USS0012L05S",2011,11,"TAVG",-5," "," ","T",-49," "," ","T",-9," "," ","T",18," "," ","T",-66," "," ","T",-62," "," ","T",-54," "," ","T",-65," "," ","T",-30," "," ","T",6," "," ","T",9," "," ","T",6," "," ","T",-2," "," ","T",-6," "," ","T",-8," "," ","T",-25," "," ","T",20," "," ","T",21," "," ","T",-8," "," ","T",-6," "," ","T",-10," "," ","T",3," "," ","T",18," "," ","T",10," "," ","T",-7," "," ","T",-8," "," ","T",48," "," ","T",47," "," ","T",28," "," ","T",8," "," ","T",NA," "," "," "
"58","USS0012L05S",2011,11,"WESD",0," "," ","T",0," "," ","T",0," "," ","T",0," "," ","T",0," "," ","T",51," "," ","T",51," "," ","T",51," "," ","T",51," "," ","T",76," "," ","T",127," "," ","T",127," "," ","T",127," "," ","T",127," "," ","T",127," "," ","T",127," "," ","T",178," "," ","T",178," "," ","T",178," "," ","T",178," "," ","T",178," "," ","T",178," "," ","T",178," "," ","T",178," "," ","T",178," "," ","T",178," "," ","T",203," "," ","T",203," "," ","T",203," "," ","T",229," "," ","T",NA," "," "," "
"59","USS0012L05S",2011,12,"PRCP",51," "," ","T",0," "," ","T",0," "," ","T",0," "," ","T",0," "," ","T",0," "," ","T",0," "," ","T",0," "," ","T",0," "," ","T",0," "," ","T",0," "," ","T",51," "," ","T",0," "," ","T",0," "," ","T",0," "," ","T",0," "," ","T",0," "," ","T",0," "," ","T",0," "," ","T",0," "," ","T",0," "," ","T",0," "," ","T",0," "," ","T",0," "," ","T",51," "," ","T",0," "," ","T",0," "," ","T",0," "," ","T",0," "," ","T",0," "," ","T",0," "," ","T"
"60","USS0012L05S",2011,12,"SNWD",127," "," ","T",152," "," ","T",152," "," ","T",152," "," ","T",127," "," ","T",152," "," ","T",127," "," ","T",152," "," ","T",127," "," ","T",127," "," ","T",127," "," ","T",178," "," ","T",178," "," ","T",178," "," ","T",178," "," ","T",178," "," ","T",178," "," ","T",152," "," ","T",178," "," ","T",178," "," ","T",178," "," ","T",178," "," ","T",178," "," ","T",178," "," ","T",178," "," ","T",152," "," ","T",178," "," ","T",152," "," ","T",127," "," ","T",127," "," ","T",127," "," ","T"
"61","USS0012L05S",2011,12,"TAVG",-43," "," ","T",-47," "," ","T",-99," "," ","T",-115," "," ","T",-133," "," ","T",-60," "," ","T",9," "," ","T",-22," "," ","T",-25," "," ","T",-23," "," ","T",-32," "," ","T",-52," "," ","T",-49," "," ","T",-76," "," ","T",-64," "," ","T",-46," "," ","T",0," "," ","T",7," "," ","T",-19," "," ","T",-44," "," ","T",-69," "," ","T",-117," "," ","T",-51," "," ","T",-25," "," ","T",7," "," ","T",-1," "," ","T",-9," "," ","T",19," "," ","T",37," "," ","T",44," "," ","T",-16," "," ","T"
"62","USS0012L05S",2011,12,"WESD",254," "," ","T",254," "," ","T",254," "," ","T",254," "," ","T",254," "," ","T",254," "," ","T",254," "," ","T",254," "," ","T",254," "," ","T",254," "," ","T",254," "," ","T",305," "," ","T",305," "," ","T",305," "," ","T",305," "," ","T",305," "," ","T",305," "," ","T",305," "," ","T",305," "," ","T",305," "," ","T",305," "," ","T",305," "," ","T",305," "," ","T",305," "," ","T",330," "," ","T",330," "," ","T",330," "," ","T",330," "," ","T",330," "," ","T",330," "," ","T",330," "," ","T"
"63","USS0012L05S",2012,1,"PRCP",0," "," ","T",0," "," ","T",0," "," ","T",0," "," ","T",0," "," ","T",0," "," ","T",0," "," ","T",0," "," ","T",0," "," ","T",0," "," ","T",0," "," ","T",0," "," ","T",0," "," ","T",0," "," ","T",0," "," ","T",0," "," ","T",0," "," ","T",76," "," ","T",76," "," ","T",0," "," ","T",203," "," ","T",0," "," ","T",25," "," ","T",0," "," ","T",0," "," ","T",51," "," ","T",0," "," ","T",0," "," ","T",0," "," ","T",0," "," ","T",0," "," ","T"
"64","USS0012L05S",2012,1,"SNWD",127," "," ","T",127," "," ","T",127," "," ","T",127," "," ","T",127," "," ","T",127," "," ","T",152," "," ","T",152," "," ","T",152," "," ","T",152," "," ","T",152," "," ","T",152," "," ","T",152," "," ","T",127," "," ","T",127," "," ","T",178," "," ","T",152," "," ","T",127," "," ","T",102," "," ","T",127," "," ","T",178," "," ","T",229," "," ","T",229," "," ","T",279," "," ","T",254," "," ","T",279," "," ","T",279," "," ","T",254," "," ","T",279," "," ","T",254," "," ","T",229," "," ","T"
"65","USS0012L05S",2012,1,"TAVG",12," "," ","T",23," "," ","T",29," "," ","T",26," "," ","T",39," "," ","T",19," "," ","T",-43," "," ","T",-58," "," ","T",9," "," ","T",14," "," ","T",-56," "," ","T",-48," "," ","T",-28," "," ","T",16," "," ","T",-1," "," ","T",-86," "," ","T",-73," "," ","T",11," "," ","T",48," "," ","T",13," "," ","T",-18," "," ","T",-62," "," ","T",-46," "," ","T",-59," "," ","T",-8," "," ","T",11," "," ","T",-69," "," ","T",-50," "," ","T",-2," "," ","T",6," "," ","T",-20," "," ","T"
"66","USS0012L05S",2012,1,"WESD",330," "," ","T",330," "," ","T",330," "," ","T",330," "," ","T",330," "," ","T",330," "," ","T",330," "," ","T",330," "," ","T",330," "," ","T",330," "," ","T",330," "," ","T",330," "," ","T",330," "," ","T",330," "," ","T",330," "," ","T",330," "," ","T",330," "," ","T",381," "," ","T",406," "," ","T",406," "," ","T",508," "," ","T",508," "," ","T",533," "," ","T",533," "," ","T",533," "," ","T",559," "," ","T",559," "," ","T",559," "," ","T",559," "," ","T",559," "," ","T",559," "," ","T"
"67","USS0012L05S",2012,2,"PRCP",51," "," ","T",0," "," ","T",0," "," ","T",0," "," ","T",0," "," ","T",0," "," ","T",0," "," ","T",0," "," ","T",25," "," ","T",0," "," ","T",0," "," ","T",127," "," ","T",102," "," ","T",0," "," ","T",0," "," ","T",0," "," ","T",0," "," ","T",25," "," ","T",0," "," ","T",0," "," ","T",25," "," ","T",0," "," ","T",0," "," ","T",0," "," ","T",0," "," ","T",0," "," ","T",102," "," ","T",102," "," ","T",0," "," ","T",NA," "," "," ",NA," "," "," "
"68","USS0012L05S",2012,2,"SNWD",279," "," ","T",279," "," ","T",279," "," ","T",279," "," ","T",305," "," ","T",305," "," ","T",279," "," ","T",279," "," ","T",279," "," ","T",279," "," ","T",279," "," ","T",432," "," ","T",483," "," ","T",483," "," ","T",508," "," ","T",483," "," ","T",457," "," ","T",432," "," ","T",457," "," ","T",432," "," ","T",406," "," ","T",381," "," ","T",406," "," ","T",381," "," ","T",381," "," ","T",381," "," ","T",559," "," ","T",610," "," ","T",533," "," ","T",NA," "," "," ",NA," "," "," "
"69","USS0012L05S",2012,2,"TAVG",-19," "," ","T",-55," "," ","T",-66," "," ","T",-71," "," ","T",-71," "," ","T",-84," "," ","T",-62," "," ","T",-17," "," ","T",-27," "," ","T",-2," "," ","T",1," "," ","T",-33," "," ","T",-46," "," ","T",-60," "," ","T",-76," "," ","T",-75," "," ","T",-50," "," ","T",-19," "," ","T",-79," "," ","T",-70," "," ","T",-18," "," ","T",20," "," ","T",-55," "," ","T",-34," "," ","T",-12," "," ","T",-79," "," ","T",-34," "," ","T",-65," "," ","T",-51," "," ","T",NA," "," "," ",NA," "," "," "
"70","USS0012L05S",2012,2,"WESD",610," "," ","T",584," "," ","T",584," "," ","T",584," "," ","T",584," "," ","T",584," "," ","T",610," "," ","T",610," "," ","T",635," "," ","T",635," "," ","T",635," "," ","T",762," "," ","T",864," "," ","T",864," "," ","T",864," "," ","T",864," "," ","T",864," "," ","T",889," "," ","T",889," "," ","T",889," "," ","T",940," "," ","T",940," "," ","T",889," "," ","T",889," "," ","T",838," "," ","T",838," "," ","T",965," "," ","T",1041," "," ","T",1041," "," ","T",NA," "," "," ",NA," "," "," "
"71","USS0012L05S",2012,3,"PRCP",102," "," ","T",76," "," ","T",25," "," ","T",0," "," ","T",0," "," ","T",51," "," ","T",0," "," ","T",0," "," ","T",25," "," ","T",0," "," ","T",0," "," ","T",0," "," ","T",0," "," ","T",0," "," ","T",0," "," ","T",0," "," ","T",51," "," ","T",76," "," ","T",76," "," ","T",0," "," ","T",0," "," ","T",0," "," ","T",0," "," ","T",0," "," ","T",51," "," ","T",0," "," ","T",0," "," ","T",0," "," ","T",0," "," ","T",0," "," ","T",0," "," ","T"
"72","USS0012L05S",2012,3,"SNWD",584," "," ","T",584," "," ","T",559," "," ","T",508," "," ","T",483," "," ","T",508," "," ","T",483," "," ","T",483," "," ","T",457," "," ","T",432," "," ","T",406," "," ","T",406," "," ","T",381," "," ","T",330," "," ","T",305," "," ","T",279," "," ","T",330," "," ","T",406," "," ","T",508," "," ","T",381," "," ","T",356," "," ","T",305," "," ","T",279," "," ","T",279," "," ","T",229," "," ","T",254," "," ","T",229," "," ","T",203," "," ","T",152," "," ","T",102," "," ","T",51," "," ","T"
"73","USS0012L05S",2012,3,"TAVG",-74," "," ","T",-116," "," ","T",-49," "," ","T",19," "," ","T",45," "," ","T",20," "," ","T",-69," "," ","T",-20," "," ","T",17," "," ","T",27," "," ","T",30," "," ","T",27," "," ","T",30," "," ","T",35," "," ","T",46," "," ","T",49," "," ","T",17," "," ","T",-61," "," ","T",-81," "," ","T",-48," "," ","T",17," "," ","T",53," "," ","T",59," "," ","T",51," "," ","T",55," "," ","T",-8," "," ","T",23," "," ","T",39," "," ","T",38," "," ","T",65," "," ","T",76," "," ","T"
"74","USS0012L05S",2012,3,"WESD",1118," "," ","T",1194," "," ","T",1219," "," ","T",1219," "," ","T",1219," "," ","T",1245," "," ","T",1245," "," ","T",1245," "," ","T",1270," "," ","T",1245," "," ","T",1219," "," ","T",1194," "," ","T",1168," "," ","T",1092," "," ","T",1041," "," ","T",991," "," ","T",1041," "," ","T",1118," "," ","T",1194," "," ","T",1194," "," ","T",1194," "," ","T",1194," "," ","T",1143," "," ","T",1067," "," ","T",940," "," ","T",940," "," ","T",889," "," ","T",762," "," ","T",686," "," ","T",457," "," ","T",203," "," ","T"
"75","USS0012L05S",2012,4,"PRCP",51," "," ","T",0," "," ","T",25," "," ","T",0," "," ","T",0," "," ","T",0," "," ","T",0," "," ","T",0," "," ","T",0," "," ","T",0," "," ","T",25," "," ","T",51," "," ","T",0," "," ","T",102," "," ","T",0," "," ","T",0," "," ","T",0," "," ","T",0," "," ","T",0," "," ","T",0," "," ","T",0," "," ","T",0," "," ","T",0," "," ","T",0," "," ","T",0," "," ","T",25," "," ","T",0," "," ","T",0," "," ","T",0," "," ","T",0," "," ","T",NA," "," "," "
"76","USS0012L05S",2012,4,"SNWD",51," "," ","T",51," "," ","T",25," "," ","T",0," "," ","T",0," "," ","T",0," "," ","T",0," "," ","T",0," "," ","T",0," "," ","T",0," "," ","T",25," "," ","T",102," "," ","T",76," "," ","T",279," "," ","T",152," "," ","T",102," "," ","T",51," "," ","T",25," "," ","T",0," "," ","T",0," "," ","T",0," "," ","T",0," "," ","T",0," "," ","T",0," "," ","T",0," "," ","T",25," "," ","T",0," "," ","T",0," "," ","T",0," "," ","T",0," "," ","T",NA," "," "," "
"77","USS0012L05S",2012,4,"TAVG",-7," "," ","T",-45," "," ","T",20," "," ","T",65," "," ","T",43," "," ","T",-37," "," ","T",18," "," ","T",62," "," ","T",85," "," ","T",84," "," ","T",38," "," ","T",-17," "," ","T",-24," "," ","T",-32," "," ","T",-9," "," ","T",14," "," ","T",38," "," ","T",54," "," ","T",45," "," ","T",66," "," ","T",98," "," ","T",121," "," ","T",122," "," ","T",118," "," ","T",83," "," ","T",61," "," ","T",12," "," ","T",11," "," ","T",36," "," ","T",87," "," ","T",NA," "," "," "
"78","USS0012L05S",2012,4,"WESD",102," "," ","T",76," "," ","T",76," "," ","T",0," "," ","T",0," "," ","T",0," "," ","T",0," "," ","T",0," "," ","T",0," "," ","T",0," "," ","T",51," "," ","T",152," "," ","T",178," "," ","T",356," "," ","T",356," "," ","T",356," "," ","T",254," "," ","T",76," "," ","T",0," "," ","T",0," "," ","T",0," "," ","T",0," "," ","T",0," "," ","T",0," "," ","T",0," "," ","T",25," "," ","T",0," "," ","T",0," "," ","T",0," "," ","T",0," "," ","T",NA," "," "," "
"79","USS0012L05S",2012,5,"PRCP",0," "," ","T",0," "," ","T",0," "," ","T",0," "," ","T",0," "," ","T",0," "," ","T",0," "," ","T",0," "," ","T",0," "," ","T",0," "," ","T",0," "," ","T",0," "," ","T",0," "," ","T",0," "," ","T",0," "," ","T",0," "," ","T",0," "," ","T",25," "," ","T",0," "," ","T",0," "," ","T",0," "," ","T",0," "," ","T",0," "," ","T",76," "," ","T",0," "," ","T",0," "," ","T",51," "," ","T",0," "," ","T",0," "," ","T",0," "," ","T",0," "," ","T"
"80","USS0012L05S",2012,5,"SNWD",0," "," ","T",0," "," ","T",0," "," ","T",0," "," ","T",0," "," ","T",0," "," ","T",0," "," ","T",0," "," ","T",0," "," ","T",0," "," ","T",0," "," ","T",0," "," ","T",0," "," ","T",0," "," ","T",0," "," ","T",0," "," ","T",0," "," ","T",0," "," ","T",0," "," ","T",0," "," ","T",0," "," ","T",0," "," ","T",0," "," ","T",0," "," ","T",0," "," ","T",0," "," ","T",0," "," ","T",0," "," ","T",0," "," ","T",0," "," ","T",0," "," ","T"
"81","USS0012L05S",2012,5,"TAVG",99," "," ","T",93," "," ","T",87," "," ","T",88," "," ","T",42," "," ","T",35," "," ","T",30," "," ","T",72," "," ","T",98," "," ","T",108," "," ","T",77," "," ","T",84," "," ","T",82," "," ","T",104," "," ","T",124," "," ","T",117," "," ","T",132," "," ","T",73," "," ","T",64," "," ","T",110," "," ","T",147," "," ","T",155," "," ","T",72," "," ","T",72," "," ","T",108," "," ","T",30," "," ","T",27," "," ","T",68," "," ","T",107," "," ","T",121," "," ","T",123," "," ","T"
"82","USS0012L05S",2012,5,"WESD",0," "," ","T",0," "," ","T",0," "," ","T",0," "," ","T",0," "," ","T",0," "," ","T",0," "," ","T",0," "," ","T",0," "," ","T",0," "," ","T",0," "," ","T",0," "," ","T",0," "," ","T",0," "," ","T",0," "," ","T",0," "," ","T",0," "," ","T",0," "," ","T",0," "," ","T",0," "," ","T",0," "," ","T",0," "," ","T",0," "," ","T",0," "," ","T",0," "," ","T",0," "," ","T",0," "," ","T",0," "," ","T",0," "," ","T",0," "," ","T",0," "," ","T"
"83","USS0012L05S",2012,6,"PRCP",0," "," ","T",0," "," ","T",0," "," ","T",0," "," ","T",0," "," ","T",0," "," ","T",0," "," ","T",0," "," ","T",0," "," ","T",0," "," ","T",0," "," ","T",0," "," ","T",0," "," ","T",0," "," ","T",0," "," ","T",0," "," ","T",0," "," ","T",0," "," ","T",0," "," ","T",0," "," ","T",0," "," ","T",0," "," ","T",0," "," ","T",0," "," ","T",0," "," ","T",0," "," ","T",0," "," ","T",0," "," ","T",0," "," ","T",0," "," ","T",NA," "," "," "
"84","USS0012L05S",2012,6,"SNWD",0," "," ","T",0," "," ","T",0," "," ","T",0," "," ","T",0," "," ","T",0," "," ","T",0," "," ","T",0," "," ","T",0," "," ","T",0," "," ","T",0," "," ","T",0," "," ","T",0," "," ","T",0," "," ","T",0," "," ","T",0," "," ","T",0," "," ","T",0," "," ","T",0," "," ","T",0," "," ","T",0," "," ","T",0," "," ","T",0," "," ","T",0," "," ","T",0," "," ","T",0," "," ","T",0," "," ","T",0," "," ","T",0," "," ","T",0," "," ","T",NA," "," "," "
"85","USS0012L05S",2012,6,"TAVG",140," "," ","T",163," "," ","T",167," "," ","T",159," "," ","T",107," "," ","T",72," "," ","T",108," "," ","T",142," "," ","T",113," "," ","T",56," "," ","T",96," "," ","T",146," "," ","T",158," "," ","T",151," "," ","T",142," "," ","T",144," "," ","T",171," "," ","T",174," "," ","T",156," "," ","T",118," "," ","T",177," "," ","T",169," "," ","T",169," "," ","T",181," "," ","T",173," "," ","T",163," "," ","T",166," "," ","T",170," "," ","T",173," "," ","T",182," "," ","T",NA," "," "," "
"86","USS0012L05S",2012,6,"WESD",0," "," ","T",0," "," ","T",0," "," ","T",0," "," ","T",0," "," ","T",0," "," ","T",0," "," ","T",0," "," ","T",0," "," ","T",0," "," ","T",0," "," ","T",0," "," ","T",0," "," ","T",0," "," ","T",0," "," ","T",0," "," ","T",0," "," ","T",0," "," ","T",0," "," ","T",0," "," ","T",0," "," ","T",0," "," ","T",0," "," ","T",0," "," ","T",0," "," ","T",0," "," ","T",0," "," ","T",0," "," ","T",0," "," ","T",0," "," ","T",NA," "," "," "
"87","USS0012L05S",2012,7,"PRCP",0," "," ","T",0," "," ","T",0," "," ","T",0," "," ","T",102," "," ","T",0," "," ","T",0," "," ","T",0," "," ","T",0," "," ","T",25," "," ","T",0," "," ","T",0," "," ","T",51," "," ","T",25," "," ","T",51," "," ","T",102," "," ","T",0," "," ","T",0," "," ","T",0," "," ","T",102," "," ","T",25," "," ","T",51," "," ","T",0," "," ","T",0," "," ","T",0," "," ","T",0," "," ","T",356," "," ","T",305," "," ","T",0," "," ","T",305," "," ","T",102," "," ","T"
"88","USS0012L05S",2012,7,"SNWD",0," "," ","T",0," "," ","T",0," "," ","T",0," "," ","T",0," "," ","T",0," "," ","T",0," "," ","T",0," "," ","T",0," "," ","T",0," "," ","T",0," "," ","T",0," "," ","T",0," "," ","T",0," "," ","T",0," "," ","T",0," "," ","T",0," "," ","T",0," "," ","T",0," "," ","T",0," "," ","T",0," "," ","T",0," "," ","T",0," "," ","T",0," "," ","T",0," "," ","T",0," "," ","T",0," "," ","T",0," "," ","T",0," "," ","T",0," "," ","T",0," "," ","T"
"89","USS0012L05S",2012,7,"TAVG",177," "," ","T",179," "," ","T",181," "," ","T",165," "," ","T",125," "," ","T",139," "," ","T",149," "," ","T",166," "," ","T",180," "," ","T",175," "," ","T",172," "," ","T",169," "," ","T",145," "," ","T",123," "," ","T",117," "," ","T",117," "," ","T",135," "," ","T",157," "," ","T",153," "," ","T",138," "," ","T",145," "," ","T",141," "," ","T",139," "," ","T",146," "," ","T",160," "," ","T",172," "," ","T",135," "," ","T",126," "," ","T",134," "," ","T",129," "," ","T",135," "," ","T"
"90","USS0012L05S",2012,7,"WESD",0," "," ","T",0," "," ","T",0," "," ","T",0," "," ","T",0," "," ","T",0," "," ","T",0," "," ","T",0," "," ","T",0," "," ","T",0," "," ","T",0," "," ","T",0," "," ","T",0," "," ","T",0," "," ","T",0," "," ","T",0," "," ","T",0," "," ","T",0," "," ","T",0," "," ","T",0," "," ","T",0," "," ","T",0," "," ","T",0," "," ","T",0," "," ","T",0," "," ","T",0," "," ","T",0," "," ","T",0," "," ","T",0," "," ","T",0," "," ","T",0," "," ","T"
"91","USS0012L05S",2012,8,"TOBS",NA," "," "," ",NA," "," "," ",NA," "," "," ",NA," "," "," ",NA," "," "," ",NA," "," "," ",NA," "," "," ",NA," "," "," ",NA," "," "," ",NA," "," "," ",NA," "," "," ",NA," "," "," ",NA," "," "," ",NA," "," "," ",NA," "," "," ",NA," "," "," ",NA," "," "," ",NA," "," "," ",NA," "," "," ",NA," "," "," ",NA," "," "," ",NA," "," "," ",NA," "," "," ",NA," "," "," ",NA," "," "," ",NA," "," "," ",NA," "," "," ",125," "," ","T",118," "," ","T",108," "," ","T",116," "," ","T"
"92","USS0012L05S",2012,8,"PRCP",51," "," ","T",0," "," ","T",0," "," ","T",25," "," ","T",0," "," ","T",102," "," ","T",0," "," ","T",0," "," ","T",51," "," ","T",0," "," ","T",25," "," ","T",0," "," ","T",229," "," ","T",0," "," ","T",0," "," ","T",0," "," ","T",76," "," ","T",0," "," ","T",0," "," ","T",0," "," ","T",0," "," ","T",254," "," ","T",102," "," ","T",0," "," ","T",0," "," ","T",51," "," ","T",102," "," ","T",51," "," ","T",0," "," ","T",0," "," ","T",0," "," ","T"
"93","USS0012L05S",2012,8,"SNWD",0," "," ","T",0," "," ","T",0," "," ","T",0," "," ","T",0," "," ","T",0," "," ","T",0," "," ","T",0," "," ","T",0," "," ","T",0," "," ","T",0," "," ","T",0," "," ","T",0," "," ","T",0," "," ","T",0," "," ","T",0," "," ","T",0," "," ","T",0," "," ","T",0," "," ","T",0," "," ","T",0," "," ","T",0," "," ","T",0," "," ","T",0," "," ","T",0," "," ","T",0," "," ","T",0," "," ","T",0," "," ","T",0," "," ","T",0," "," ","T",0," "," ","T"
"94","USS0012L05S",2012,8,"TAVG",126," "," ","T",160," "," ","T",171," "," ","T",150," "," ","T",156," "," ","T",142," "," ","T",153," "," ","T",175," "," ","T",164," "," ","T",159," "," ","T",160," "," ","T",158," "," ","T",138," "," ","T",138," "," ","T",165," "," ","T",168," "," ","T",158," "," ","T",164," "," ","T",151," "," ","T",148," "," ","T",150," "," ","T",115," "," ","T",109," "," ","T",139," "," ","T",135," "," ","T",139," "," ","T",141," "," ","T",141," "," ","T",155," "," ","T",145," "," ","T",131," "," ","T"
"95","USS0012L05S",2012,8,"WESD",0," "," ","T",0," "," ","T",0," "," ","T",0," "," ","T",0," "," ","T",0," "," ","T",0," "," ","T",0," "," ","T",0," "," ","T",0," "," ","T",0," "," ","T",0," "," ","T",0," "," ","T",0," "," ","T",0," "," ","T",0," "," ","T",0," "," ","T",0," "," ","T",0," "," ","T",0," "," ","T",0," "," ","T",0," "," ","T",0," "," ","T",0," "," ","T",0," "," ","T",0," "," ","T",0," "," ","T",0," "," ","T",0," "," ","T",0," "," ","T",0," "," ","T"
"96","USS0012L05S",2012,9,"TOBS",121," "," ","T",113," "," ","T",127," "," ","T",110," "," ","T",134," "," ","T",121," "," ","T",86," "," ","T",80," "," ","T",121," "," ","T",102," "," ","T",89," "," ","T",89," "," ","T",69," "," ","T",82," "," ","T",99," "," ","T",104," "," ","T",43," "," ","T",63," "," ","T",84," "," ","T",72," "," ","T",83," "," ","T",130," "," ","T",78," "," ","T",42," "," ","T",28," "," ","T",36," "," ","T",51," "," ","T",53," "," ","T",65," "," ","T",61," "," ","T",NA," "," "," "
"97","USS0012L05S",2012,9,"PRCP",0," "," ","T",25," "," ","T",0," "," ","T",0," "," ","T",0," "," ","T",0," "," ","T",0," "," ","T",0," "," ","T",0," "," ","T",0," "," ","T",25," "," ","T",0," "," ","T",0," "," ","T",0," "," ","T",0," "," ","T",0," "," ","T",0," "," ","T",0," "," ","T",0," "," ","T",0," "," ","T",0," "," ","T",0," "," ","T",0," "," ","T",152," "," ","T",0," "," ","T",25," "," ","T",0," "," ","T",0," "," ","T",0," "," ","T",0," "," ","T",NA," "," "," "
"98","USS0012L05S",2012,9,"SNWD",0," "," ","T",0," "," ","T",0," "," ","T",0," "," ","T",0," "," ","T",0," "," ","T",0," "," ","T",0," "," ","T",0," "," ","T",0," "," ","T",0," "," ","T",0," "," ","T",0," "," ","T",0," "," ","T",0," "," ","T",0," "," ","T",0," "," ","T",0," "," ","T",0," "," ","T",0," "," ","T",0," "," ","T",0," "," ","T",0," "," ","T",0," "," ","T",0," "," ","T",0," "," ","T",0," "," ","T",0," "," ","T",0," "," ","T",0," "," ","T",NA," "," "," "
"99","USS0012L05S",2012,9,"TAVG",139," "," ","T",136," "," ","T",143," "," ","T",143," "," ","T",145," "," ","T",138," "," ","T",132," "," ","T",122," "," ","T",141," "," ","T",143," "," ","T",97," "," ","T",103," "," ","T",117," "," ","T",119," "," ","T",133," "," ","T",129," "," ","T",102," "," ","T",113," "," ","T",123," "," ","T",118," "," ","T",123," "," ","T",135," "," ","T",126," "," ","T",84," "," ","T",59," "," ","T",58," "," ","T",77," "," ","T",93," "," ","T",98," "," ","T",99," "," ","T",NA," "," "," "
"100","USS0012L05S",2012,9,"WESD",0," "," ","T",0," "," ","T",0," "," ","T",0," "," ","T",0," "," ","T",0," "," ","T",0," "," ","T",0," "," ","T",0," "," ","T",0," "," ","T",0," "," ","T",0," "," ","T",0," "," ","T",0," "," ","T",0," "," ","T",0," "," ","T",0," "," ","T",0," "," ","T",0," "," ","T",0," "," ","T",0," "," ","T",0," "," ","T",0," "," ","T",0," "," ","T",0," "," ","T",0," "," ","T",0," "," ","T",0," "," ","T",0," "," ","T",0," "," ","T",NA," "," "," "
"101","USS0012L05S",2012,10,"TOBS",62," "," ","T",104," "," ","T",103," "," ","T",79," "," ","T",65," "," ","T",26," "," ","T",23," "," ","T",46," "," ","T",57," "," ","T",43," "," ","T",59," "," ","T",-1," "," ","T",24," "," ","T",35," "," ","T",42," "," ","T",43," "," ","T",-3," "," ","T",38," "," ","T",71," "," ","T",66," "," ","T",50," "," ","T",35," "," ","T",28," "," ","T",-66," "," ","T",-99," "," ","T",14," "," ","T",14," "," ","T",29," "," ","T",32," "," ","T",27," "," ","T",38," "," ","T"
"102","USS0012L05S",2012,10,"PRCP",0," "," ","T",0," "," ","T",0," "," ","T",0," "," ","T",0," "," ","T",0," "," ","T",0," "," ","T",0," "," ","T",0," "," ","T",0," "," ","T",0," "," ","T",279," "," ","T",0," "," ","T",0," "," ","T",0," "," ","T",0," "," ","T",0," "," ","T",0," "," ","T",0," "," ","T",0," "," ","T",0," "," ","T",0," "," ","T",25," "," ","T",0," "," ","T",0," "," ","T",0," "," ","T",0," "," ","T",0," "," ","T",0," "," ","T",0," "," ","T",0," "," ","T"
"103","USS0012L05S",2012,10,"SNWD",0," "," ","T",0," "," ","T",0," "," ","T",0," "," ","T",0," "," ","T",0," "," ","T",0," "," ","T",0," "," ","T",0," "," ","T",0," "," ","T",0," "," ","T",51," "," ","T",0," "," ","T",0," "," ","T",0," "," ","T",0," "," ","T",0," "," ","T",0," "," ","T",0," "," ","T",0," "," ","T",0," "," ","T",0," "," ","T",0," "," ","T",0," "," ","T",0," "," ","T",25," "," ","T",0," "," ","T",0," "," ","T",0," "," ","T",0," "," ","T",0," "," ","T"
"104","USS0012L05S",2012,10,"TAVG",111," "," ","T",115," "," ","T",127," "," ","T",116," "," ","T",85," "," ","T",56," "," ","T",51," "," ","T",78," "," ","T",86," "," ","T",88," "," ","T",67," "," ","T",19," "," ","T",38," "," ","T",56," "," ","T",81," "," ","T",91," "," ","T",43," "," ","T",60," "," ","T",86," "," ","T",98," "," ","T",71," "," ","T",61," "," ","T",49," "," ","T",-14," "," ","T",-44," "," ","T",-23," "," ","T",26," "," ","T",56," "," ","T",65," "," ","T",69," "," ","T",72," "," ","T"
"105","USS0012L05S",2012,10,"WESD",0," "," ","T",0," "," ","T",0," "," ","T",0," "," ","T",0," "," ","T",0," "," ","T",0," "," ","T",0," "," ","T",0," "," ","T",0," "," ","T",0," "," ","T",76," "," ","T",0," "," ","T",0," "," ","T",0," "," ","T",0," "," ","T",0," "," ","T",0," "," ","T",0," "," ","T",0," "," ","T",0," "," ","T",0," "," ","T",0," "," ","T",0," "," ","T",0," "," ","T",25," "," ","T",0," "," ","T",0," "," ","T",0," "," ","T",0," "," ","T",0," "," ","T"
"106","USS0012L05S",2012,11,"TOBS",13," "," ","T",5," "," ","T",12," "," ","T",49," "," ","T",36," "," ","T",76," "," ","T",26," "," ","T",32," "," ","T",-69," "," ","T",-108," "," ","T",-128," "," ","T",-43," "," ","T",-22," "," ","T",-9," "," ","T",12," "," ","T",-1," "," ","T",6," "," ","T",-7," "," ","T",18," "," ","T",37," "," ","T",1," "," ","T",5," "," ","T",44," "," ","T",13," "," ","T",-16," "," ","T",16," "," ","T",8," "," ","T",8," "," ","T",-5," "," ","T",-6," "," ","T",NA," "," "," "
"107","USS0012L05S",2012,11,"PRCP",0," "," ","T",0," "," ","T",0," "," ","T",0," "," ","T",0," "," ","T",0," "," ","T",0," "," ","T",25," "," ","T",152," "," ","T",51," "," ","T",25," "," ","T",25," "," ","T",0," "," ","T",0," "," ","T",0," "," ","T",76," "," ","T",0," "," ","T",0," "," ","T",25," "," ","T",0," "," ","T",0," "," ","T",0," "," ","T",0," "," ","T",0," "," ","T",0," "," ","T",0," "," ","T",0," "," ","T",0," "," ","T",0," "," ","T",0," "," ","T",NA," "," "," "
"108","USS0012L05S",2012,11,"SNWD",0," "," ","T",0," "," ","T",0," "," ","T",0," "," ","T",0," "," ","T",0," "," ","T",0," "," ","T",0," "," ","T",76," "," ","T",127," "," ","T",152," "," ","T",127," "," ","T",127," "," ","T",102," "," ","T",102," "," ","T",152," "," ","T",102," "," ","T",102," "," ","T",127," "," ","T",127," "," ","T",102," "," ","T",102," "," ","T",102," "," ","T",102," "," ","T",102," "," ","T",102," "," ","T",102," "," ","T",102," "," ","T",102," "," ","T",127," "," ","T",NA," "," "," "
"109","USS0012L05S",2012,11,"TAVG",57," "," ","T",40," "," ","T",38," "," ","T",53," "," ","T",62," "," ","T",72," "," ","T",77," "," ","T",53," "," ","T",-2," "," ","T",-90," "," ","T",-109," "," ","T",-33," "," ","T",-7," "," ","T",24," "," ","T",27," "," ","T",15," "," ","T",16," "," ","T",13," "," ","T",17," "," ","T",33," "," ","T",41," "," ","T",16," "," ","T",42," "," ","T",47," "," ","T",30," "," ","T",17," "," ","T",30," "," ","T",35," "," ","T",19," "," ","T",18," "," ","T",NA," "," "," "
"110","USS0012L05S",2012,11,"WESD",0," "," ","T",0," "," ","T",0," "," ","T",0," "," ","T",0," "," ","T",0," "," ","T",0," "," ","T",0," "," ","T",127," "," ","T",152," "," ","T",178," "," ","T",229," "," ","T",229," "," ","T",229," "," ","T",229," "," ","T",330," "," ","T",330," "," ","T",330," "," ","T",330," "," ","T",330," "," ","T",330," "," ","T",330," "," ","T",330," "," ","T",330," "," ","T",330," "," ","T",330," "," ","T",330," "," ","T",330," "," ","T",330," "," ","T",381," "," ","T",NA," "," "," "
"111","USS0012L05S",2012,12,"TOBS",-8," "," ","T",11," "," ","T",-11," "," ","T",34," "," ","T",17," "," ","T",3," "," ","T",-42," "," ","T",-64," "," ","T",-81," "," ","T",-49," "," ","T",-19," "," ","T",-21," "," ","T",-27," "," ","T",-67," "," ","T",-84," "," ","T",-44," "," ","T",-40," "," ","T",-113," "," ","T",-124," "," ","T",-58," "," ","T",-10," "," ","T",-24," "," ","T",-37," "," ","T",-129," "," ","T",-99," "," ","T",-89," "," ","T",-113," "," ","T",-131," "," ","T",-115," "," ","T",-132," "," ","T",-168," "," ","T"
"112","USS0012L05S",2012,12,"PRCP",0," "," ","T",51," "," ","T",0," "," ","T",0," "," ","T",0," "," ","T",0," "," ","T",0," "," ","T",0," "," ","T",0," "," ","T",25," "," ","T",0," "," ","T",0," "," ","T",0," "," ","T",76," "," ","T",25," "," ","T",0," "," ","T",25," "," ","T",76," "," ","T",0," "," ","T",0," "," ","T",0," "," ","T",51," "," ","T",0," "," ","T",51," "," ","T",25," "," ","T",76," "," ","T",25," "," ","T",0," "," ","T",0," "," ","T",0," "," ","T",0," "," ","T"
"113","USS0012L05S",2012,12,"SNWD",127," "," ","T",152," "," ","T",152," "," ","T",127," "," ","T",127," "," ","T",127," "," ","T",127," "," ","T",127," "," ","T",127," "," ","T",127," "," ","T",127," "," ","T",127," "," ","T",127," "," ","T",229," "," ","T",203," "," ","T",203," "," ","T",203," "," ","T",330," "," ","T",305," "," ","T",279," "," ","T",279," "," ","T",254," "," ","T",254," "," ","T",229," "," ","T",229," "," ","T",330," "," ","T",330," "," ","T",305," "," ","T",305," "," ","T",305," "," ","T",305," "," ","T"
"114","USS0012L05S",2012,12,"TAVG",11," "," ","T",20," "," ","T",-4," "," ","T",33," "," ","T",47," "," ","T",20," "," ","T",-15," "," ","T",-15," "," ","T",-101," "," ","T",-44," "," ","T",-29," "," ","T",-8," "," ","T",-17," "," ","T",-31," "," ","T",-61," "," ","T",-63," "," ","T",-26," "," ","T",-50," "," ","T",-137," "," ","T",-59," "," ","T",-20," "," ","T",-10," "," ","T",-21," "," ","T",-70," "," ","T",-99," "," ","T",-79," "," ","T",-102," "," ","T",-110," "," ","T",-100," "," ","T",-99," "," ","T",-128," "," ","T"
"115","USS0012L05S",2012,12,"WESD",381," "," ","T",432," "," ","T",432," "," ","T",432," "," ","T",432," "," ","T",432," "," ","T",432," "," ","T",432," "," ","T",432," "," ","T",432," "," ","T",432," "," ","T",432," "," ","T",432," "," ","T",508," "," ","T",533," "," ","T",533," "," ","T",559," "," ","T",635," "," ","T",635," "," ","T",635," "," ","T",635," "," ","T",660," "," ","T",660," "," ","T",686," "," ","T",686," "," ","T",762," "," ","T",787," "," ","T",787," "," ","T",787," "," ","T",787," "," ","T",787," "," ","T"
"116","USS0012L05S",2013,1,"TOBS",-108," "," ","T",-149," "," ","T",-47," "," ","T",-70," "," ","T",-10," "," ","T",-56," "," ","T",-30," "," ","T",-30," "," ","T",-18," "," ","T",-131," "," ","T",-198," "," ","T",-232," ","M","T",-262," ","M","T",-171," "," ","T",-16," "," ","T",1," "," ","T",-63," "," ","T",-49," "," ","T",-45," "," ","T",-31," "," ","T",-9," "," ","T",15," "," ","T",12," "," ","T",0," "," ","T",-4," "," ","T",-3," "," ","T",-61," "," ","T",-144," "," ","T",-96," "," ","T",-35," "," ","T",-69," "," ","T"
"117","USS0012L05S",2013,1,"PRCP",0," "," ","T",0," "," ","T",0," "," ","T",0," "," ","T",0," "," ","T",0," "," ","T",0," "," ","T",0," "," ","T",0," "," ","T",76," "," ","T",0," "," ","T",51," "," ","T",0," "," ","T",0," "," ","T",25," "," ","T",0," "," ","T",0," "," ","T",0," "," ","T",0," "," ","T",0," "," ","T",0," "," ","T",0," "," ","T",0," "," ","T",25," "," ","T",25," "," ","T",102," "," ","T",102," "," ","T",0," "," ","T",127," "," ","T",25," "," ","T",0," "," ","T"
"118","USS0012L05S",2013,1,"SNWD",305," "," ","T",305," "," ","T",305," "," ","T",305," "," ","T",305," "," ","T",305," "," ","T",305," "," ","T",305," "," ","T",305," "," ","T",381," "," ","T",356," "," ","T",381," "," ","T",381," "," ","T",381," "," ","T",356," "," ","T",356," "," ","T",356," "," ","T",356," "," ","T",356," "," ","T",356," "," ","T",356," "," ","T",330," "," ","T",330," "," ","T",330," "," ","T",330," "," ","T",406," "," ","T",483," "," ","T",508," "," ","T",533," "," ","T",508," "," ","T",483," "," ","T"
"119","USS0012L05S",2013,1,"TAVG",-108," "," ","T",-74," "," ","T",-77," "," ","T",-28," "," ","T",-19," "," ","T",-33," "," ","T",-23," "," ","T",-28," "," ","T",-5," "," ","T",-41," "," ","T",-158," "," ","T",-179," "," ","T",-218," "," ","T",-204," "," ","T",-101," "," ","T",-14," "," ","T",-15," "," ","T",-20," "," ","T",-6," "," ","T",-6," "," ","T",4," "," ","T",40," "," ","T",30," "," ","T",14," "," ","T",9," "," ","T",-1," "," ","T",-19," "," ","T",-109," "," ","T",-110," "," ","T",-46," "," ","T",-36," "," ","T"
"120","USS0012L05S",2013,1,"WESD",787," "," ","T",787," "," ","T",787," "," ","T",787," "," ","T",787," "," ","T",787," "," ","T",787," "," ","T",787," "," ","T",787," "," ","T",838," "," ","T",838," "," ","T",864," "," ","T",864," "," ","T",864," "," ","T",889," "," ","T",889," "," ","T",889," "," ","T",889," "," ","T",889," "," ","T",889," "," ","T",889," "," ","T",889," "," ","T",889," "," ","T",914," "," ","T",914," "," ","T",1016," "," ","T",1118," "," ","T",1118," "," ","T",1245," "," ","T",1270," "," ","T",1270," "," ","T"
"121","USS0012L05S",2013,2,"TMAX",NA," "," "," ",NA," "," "," ",NA," "," "," ",NA," "," "," ",NA," "," "," ",50," "," ","T",21," "," ","T",-30," "," ","T",-24," "," ","T",-72," "," ","T",-39," "," ","T",-19," "," ","T",12," "," ","T",-4," "," ","T",46," "," ","T",69," "," ","T",33," "," ","T",34," "," ","T",13," "," ","T",1," "," ","T",-41," "," ","T",-63," "," ","T",-3," "," ","T",-90," "," ","T",37," "," ","T",-75," "," ","T",-8," "," ","T",28," "," ","T",NA," "," "," ",NA," "," "," ",NA," "," "," "
"122","USS0012L05S",2013,2,"TMIN",NA," "," "," ",NA," "," "," ",NA," "," "," ",NA," "," "," ",NA," "," "," ",-101," "," ","T",-104," "," ","T",-124," "," ","T",-153," "," ","T",-172," "," ","T",-186," "," ","T",-184," "," ","T",-116," "," ","T",-95," "," ","T",-100," "," ","T",-62," "," ","T",-118," "," ","T",-159," "," ","T",-100," "," ","T",-76," "," ","T",-171," "," ","T",-163," "," ","T",-128," "," ","T",-168," "," ","T",-153," "," ","T",-181," "," ","T",-186," "," ","T",-124," "," ","T",NA," "," "," ",NA," "," "," ",NA," "," "," "
"123","USS0012L05S",2013,2,"TOBS",-63," "," ","T",6," "," ","T",-51," "," ","T",10," "," ","T",13," "," ","T",-100," "," ","T",-36," "," ","T",-124," "," ","T",-104," "," ","T",-142," "," ","T",-174," "," ","T",-111," "," ","T",-83," "," ","T",-84," "," ","T",-51," "," ","T",11," "," ","T",-106," "," ","T",-67," "," ","T",-54," "," ","T",-74," "," ","T",-126," "," ","T",-76," "," ","T",-127," "," ","T",-97," "," ","T",-87," "," ","T",-165," "," ","T",-108," "," ","T",-18," "," ","T",NA," "," "," ",NA," "," "," ",NA," "," "," "
"124","USS0012L05S",2013,2,"PRCP",0," "," ","T",0," "," ","T",0," "," ","T",0," "," ","T",0," "," ","T",0," "," ","T",0," "," ","T",76," "," ","T",51," "," ","T",25," "," ","T",0," "," ","T",0," "," ","T",0," "," ","T",0," "," ","T",0," "," ","T",0," "," ","T",0," "," ","T",0," "," ","T",25," "," ","T",25," "," ","T",0," "," ","T",0," "," ","T",76," "," ","T",51," "," ","T",25," "," ","T",51," "," ","T",0," "," ","T",0," "," ","T",NA," "," "," ",NA," "," "," ",NA," "," "," "
"125","USS0012L05S",2013,2,"SNWD",483," "," ","T",483," "," ","T",483," "," ","T",457," "," ","T",432," "," ","T",432," "," ","T",432," "," ","T",559," "," ","T",559," "," ","T",584," "," ","T",559," "," ","T",559," "," ","T",559," "," ","T",533," "," ","T",533," "," ","T",508," "," ","T",508," "," ","T",508," "," ","T",508," "," ","T",584," "," ","T",559," "," ","T",559," "," ","T",584," "," ","T",559," "," ","T",584," "," ","T",610," "," ","T",610," "," ","T",584," "," ","T",NA," "," "," ",NA," "," "," ",NA," "," "," "
"126","USS0012L05S",2013,2,"TAVG",-31," "," ","T",-10," "," ","T",-4," "," ","T",-11," "," ","T",21," "," ","T",-23," "," ","T",-37," "," ","T",-62," "," ","T",-99," "," ","T",-115," "," ","T",-129," "," ","T",-94," "," ","T",-54," "," ","T",-52," "," ","T",-30," "," ","T",16," "," ","T",-18," "," ","T",-59," "," ","T",-40," "," ","T",-51," "," ","T",-99," "," ","T",-110," "," ","T",-82," "," ","T",-118," "," ","T",-54," "," ","T",-108," "," ","T",-98," "," ","T",-45," "," ","T",NA," "," "," ",NA," "," "," ",NA," "," "," "
"127","USS0012L05S",2013,2,"WESD",1270," "," ","T",1270," "," ","T",1270," "," ","T",1270," "," ","T",1270," "," ","T",1270," "," ","T",1270," "," ","T",1321," "," ","T",1372," "," ","T",1422," "," ","T",1422," "," ","T",1422," "," ","T",1422," "," ","T",1422," "," ","T",1422," "," ","T",1422," "," ","T",1422," "," ","T",1422," "," ","T",1448," "," ","T",1473," "," ","T",1473," "," ","T",1473," "," ","T",1499," "," ","T",1524," "," ","T",1549," "," ","T",1575," "," ","T",1575," "," ","T",1575," "," ","T",NA," "," "," ",NA," "," "," ",NA," "," "," "
"128","USS0012L05S",2013,3,"TMAX",48," "," ","T",141," "," ","T",63," "," ","T",0," "," ","T",60," "," ","T",56," "," ","T",52," "," ","T",9," "," ","T",-1," "," ","T",36," "," ","T",42," "," ","T",85," "," ","T",126," "," ","T",155," "," ","T",122," "," ","T",68," "," ","T",38," "," ","T",38," "," ","T",76," "," ","T",60," "," ","T",16," "," ","T",1," "," ","T",-55," "," ","T",-23," "," ","T",46," "," ","T",80," "," ","T",94," "," ","T",102," "," ","T",118," "," ","T",110," "," ","T",104," "," ","T"
"129","USS0012L05S",2013,3,"TMIN",-37," "," ","T",-34," "," ","T",-9," "," ","T",-96," "," ","T",-90," "," ","T",-47," "," ","T",-44," "," ","T",-36," "," ","T",-101," "," ","T",-112," "," ","T",-78," "," ","T",-40," "," ","T",-20," "," ","T",15," "," ","T",36," "," ","T",18," "," ","T",-30," "," ","T",-42," "," ","T",-24," "," ","T",-17," "," ","T",-49," "," ","T",-124," "," ","T",-140," "," ","T",-131," "," ","T",-81," "," ","T",-26," "," ","T",-21," "," ","T",-8," "," ","T",-8," "," ","T",3," "," ","T",-4," "," ","T"
"130","USS0012L05S",2013,3,"TOBS",-27," "," ","T",16," "," ","T",-8," "," ","T",-80," "," ","T",1," "," ","T",-2," "," ","T",-2," "," ","T",-33," "," ","T",-95," "," ","T",-57," "," ","T",-34," "," ","T",-10," "," ","T",27," "," ","T",50," "," ","T",55," "," ","T",26," "," ","T",-29," "," ","T",1," "," ","T",-14," "," ","T",12," "," ","T",-34," "," ","T",-124," "," ","T",-104," "," ","T",-72," "," ","T",-6," "," ","T",-7," "," ","T",3," "," ","T",29," "," ","T",30," "," ","T",18," "," ","T",7," "," ","T"
"131","USS0012L05S",2013,3,"PRCP",0," "," ","T",0," "," ","T",51," "," ","T",0," "," ","T",25," "," ","T",0," "," ","T",0," "," ","T",127," "," ","T",51," "," ","T",0," "," ","T",0," "," ","T",0," "," ","T",0," "," ","T",0," "," ","T",0," "," ","T",0," "," ","T",0," "," ","T",0," "," ","T",0," "," ","T",25," "," ","T",0," "," ","T",0," "," ","T",51," "," ","T",0," "," ","T",0," "," ","T",0," "," ","T",0," "," ","T",0," "," ","T",0," "," ","T",0," "," ","T",0," "," ","T"
"132","USS0012L05S",2013,3,"SNWD",584," "," ","T",559," "," ","T",584," "," ","T",584," "," ","T",559," "," ","T",559," "," ","T",533," "," ","T",711," "," ","T",711," "," ","T",686," "," ","T",660," "," ","T",610," "," ","T",584," "," ","T",559," "," ","T",508," "," ","T",483," "," ","T",432," "," ","T",432," "," ","T",432," "," ","T",432," "," ","T",432," "," ","T",432," "," ","T",457," "," ","T",457," "," ","T",406," "," ","T",406," "," ","T",381," "," ","T",356," "," ","T",330," "," ","T",305," "," ","T",279," "," ","T"
"133","USS0012L05S",2013,3,"TAVG",-2," "," ","T",40," "," ","T",21," "," ","T",-37," "," ","T",-1," "," ","T",12," "," ","T",10," "," ","T",-20," "," ","T",-40," "," ","T",-32," "," ","T",-16," "," ","T",17," "," ","T",46," "," ","T",83," "," ","T",80," "," ","T",44," "," ","T",8," "," ","T",0," "," ","T",8," "," ","T",25," "," ","T",-15," "," ","T",-53," "," ","T",-103," "," ","T",-68," "," ","T",-12," "," ","T",27," "," ","T",36," "," ","T",42," "," ","T",44," "," ","T",44," "," ","T",36," "," ","T"
"134","USS0012L05S",2013,3,"WESD",1575," "," ","T",1575," "," ","T",1626," "," ","T",1626," "," ","T",1651," "," ","T",1651," "," ","T",1651," "," ","T",1778," "," ","T",1829," "," ","T",1829," "," ","T",1829," "," ","T",1829," "," ","T",1803," "," ","T",1753," "," ","T",1702," "," ","T",1702," "," ","T",1702," "," ","T",1702," "," ","T",1702," "," ","T",1753," "," ","T",1753," "," ","T",1753," "," ","T",1803," "," ","T",1803," "," ","T",1753," "," ","T",1626," "," ","T",1549," "," ","T",1448," "," ","T",1397," "," ","T",1321," "," ","T",1219," "," ","T"
"135","USS0012L05S",2013,4,"TMAX",59," "," ","T",39," "," ","T",89," "," ","T",117," "," ","T",86," "," ","T",87," "," ","T",98," "," ","T",44," "," ","T",-34," "," ","T",12," "," ","T",56," "," ","T",86," "," ","T",102," "," ","T",66," "," ","T",49," "," ","T",19," "," ","T",-39," "," ","T",-3," "," ","T",58," "," ","T",49," "," ","T",91," "," ","T",85," "," ","T",44," "," ","T",76," "," ","T",97," "," ","T",97," "," ","T",120," "," ","T",151," "," ","T",162," "," ","T",141," "," ","T",NA," "," "," "
"136","USS0012L05S",2013,4,"TMIN",-14," "," ","T",-23," "," ","T",-16," "," ","T",1," "," ","T",-3," "," ","T",-8," "," ","T",-4," "," ","T",-48," "," ","T",-93," "," ","T",-85," "," ","T",-37," "," ","T",-45," "," ","T",-13," "," ","T",-52," "," ","T",-24," "," ","T",-76," "," ","T",-92," "," ","T",-101," "," ","T",-75," "," ","T",-19," "," ","T",-35," "," ","T",-32," "," ","T",-70," "," ","T",-43," "," ","T",-24," "," ","T",-11," "," ","T",-2," "," ","T",27," "," ","T",37," "," ","T",-13," "," ","T",NA," "," "," "
"137","USS0012L05S",2013,4,"TOBS",-12," "," ","T",-3," "," ","T",16," "," ","T",51," "," ","T",2," "," ","T",17," "," ","T",44," "," ","T",-43," "," ","T",-84," "," ","T",-16," "," ","T",-6," "," ","T",15," "," ","T",-13," "," ","T",34," "," ","T",-23," "," ","T",-68," "," ","T",-87," "," ","T",-42," "," ","T",7," "," ","T",-6," "," ","T",48," "," ","T",-32," "," ","T",-6," "," ","T",-2," "," ","T",9," "," ","T",2," "," ","T",33," "," ","T",79," "," ","T",78," "," ","T",-11," "," ","T",NA," "," "," "
"138","USS0012L05S",2013,4,"PRCP",51," "," ","T",25," "," ","T",0," "," ","T",0," "," ","T",0," "," ","T",0," "," ","T",0," "," ","T",76," "," ","T",51," "," ","T",0," "," ","T",25," "," ","T",25," "," ","T",25," "," ","T",25," "," ","T",25," "," ","T",152," "," ","T",76," "," ","T",0," "," ","T",0," "," ","T",51," "," ","T",0," "," ","T",0," "," ","T",0," "," ","T",0," "," ","T",0," "," ","T",0," "," ","T",0," "," ","T",0," "," ","T",0," "," ","T",0," "," ","T",NA," "," "," "
"139","USS0012L05S",2013,4,"SNWD",305," "," ","T",305," "," ","T",229," "," ","T",229," "," ","T",178," "," ","T",152," "," ","T",127," "," ","T",305," "," ","T",279," "," ","T",203," "," ","T",203," "," ","T",178," "," ","T",178," "," ","T",152," "," ","T",127," "," ","T",305," "," ","T",406," "," ","T",330," "," ","T",229," "," ","T",254," "," ","T",178," "," ","T",152," "," ","T",127," "," ","T",76," "," ","T",51," "," ","T",25," "," ","T",0," "," ","T",0," "," ","T",0," "," ","T",0," "," ","T",NA," "," "," "
"140","USS0012L05S",2013,4,"TAVG",14," "," ","T",5," "," ","T",35," "," ","T",61," "," ","T",43," "," ","T",38," "," ","T",51," "," ","T",1," "," ","T",-66," "," ","T",-26," "," ","T",9," "," ","T",23," "," ","T",46," "," ","T",17," "," ","T",15," "," ","T",-42," "," ","T",-70," "," ","T",-59," "," ","T",4," "," ","T",4," "," ","T",42," "," ","T",39," "," ","T",-16," "," ","T",15," "," ","T",39," "," ","T",44," "," ","T",63," "," ","T",95," "," ","T",106," "," ","T",81," "," ","T",NA," "," "," "
"141","USS0012L05S",2013,4,"WESD",1270," "," ","T",1219," "," ","T",1092," "," ","T",1016," "," ","T",838," "," ","T",762," "," ","T",635," "," ","T",762," "," ","T",813," "," ","T",813," "," ","T",838," "," ","T",813," "," ","T",737," "," ","T",660," "," ","T",635," "," ","T",787," "," ","T",889," "," ","T",889," "," ","T",889," "," ","T",965," "," ","T",889," "," ","T",711," "," ","T",584," "," ","T",381," "," ","T",229," "," ","T",102," "," ","T",0," "," ","T",0," "," ","T",0," "," ","T",0," "," ","T",NA," "," "," "
"142","USS0012L05S",2013,5,"TMAX",11," "," ","T",83," "," ","T",130," "," ","T",124," "," ","T",123," "," ","T",95," "," ","T",57," "," ","T",68," "," ","T",96," "," ","T",119," "," ","T",148," "," ","T",169," "," ","T",201," "," ","T",194," "," ","T",175," "," ","T",169," "," ","T",118," "," ","T",98," "," ","T",56," "," ","T",73," "," ","T",150," "," ","T",170," "," ","T",160," "," ","T",162," "," ","T",169," "," ","T",175," "," ","T",164," "," ","T",115," "," ","T",97," "," ","T",130," "," ","T",118," "," ","T"
"143","USS0012L05S",2013,5,"TMIN",-64," "," ","T",-72," "," ","T",-10," "," ","T",5," "," ","T",30," "," ","T",-4," "," ","T",-12," "," ","T",-21," "," ","T",12," "," ","T",24," "," ","T",33," "," ","T",40," "," ","T",61," "," ","T",95," "," ","T",72," "," ","T",79," "," ","T",27," "," ","T",17," "," ","T",-4," "," ","T",4," "," ","T",-3," "," ","T",49," "," ","T",59," "," ","T",10," "," ","T",45," "," ","T",22," "," ","T",33," "," ","T",6," "," ","T",-5," "," ","T",24," "," ","T",15," "," ","T"
"144","USS0012L05S",2013,5,"TOBS",-52," "," ","T",3," "," ","T",19," "," ","T",36," "," ","T",45," "," ","T",-3," "," ","T",-3," "," ","T",16," "," ","T",38," "," ","T",59," "," ","T",47," "," ","T",69," "," ","T",117," "," ","T",117," "," ","T",105," "," ","T",79," "," ","T",33," "," ","T",32," "," ","T",4," "," ","T",6," "," ","T",74," "," ","T",94," "," ","T",59," "," ","T",48," "," ","T",51," "," ","T",77," "," ","T",79," "," ","T",12," "," ","T",39," "," ","T",53," "," ","T",21," "," ","T"
"145","USS0012L05S",2013,5,"PRCP",0," "," ","T",0," "," ","T",0," "," ","T",0," "," ","T",0," "," ","T",0," "," ","T",25," "," ","T",25," "," ","T",0," "," ","T",0," "," ","T",0," "," ","T",0," "," ","T",0," "," ","T",0," "," ","T",0," "," ","T",0," "," ","T",25," "," ","T",0," "," ","T",25," "," ","T",0," "," ","T",0," "," ","T",0," "," ","T",0," "," ","T",0," "," ","T",0," "," ","T",0," "," ","T",0," "," ","T",25," "," ","T",0," "," ","T",0," "," ","T",0," "," ","T"
"146","USS0012L05S",2013,5,"SNWD",0," "," ","T",0," "," ","T",0," "," ","T",0," "," ","T",0," "," ","T",0," "," ","T",25," "," ","T",0," "," ","T",0," "," ","T",0," "," ","T",0," "," ","T",0," "," ","T",0," "," ","T",0," "," ","T",0," "," ","T",0," "," ","T",0," "," ","T",0," "," ","T",0," "," ","T",0," "," ","T",0," "," ","T",0," "," ","T",0," "," ","T",0," "," ","T",0," "," ","T",0," "," ","T",0," "," ","T",0," "," ","T",0," "," ","T",0," "," ","T",0," "," ","T"
"147","USS0012L05S",2013,5,"TAVG",-22," "," ","T",11," "," ","T",62," "," ","T",68," "," ","T",72," "," ","T",34," "," ","T",17," "," ","T",18," "," ","T",44," "," ","T",76," "," ","T",88," "," ","T",110," "," ","T",134," "," ","T",146," "," ","T",119," "," ","T",122," "," ","T",74," "," ","T",51," "," ","T",21," "," ","T",29," "," ","T",83," "," ","T",116," "," ","T",111," "," ","T",97," "," ","T",109," "," ","T",106," "," ","T",104," "," ","T",56," "," ","T",50," "," ","T",78," "," ","T",69," "," ","T"
"148","USS0012L05S",2013,5,"WESD",0," "," ","T",0," "," ","T",0," "," ","T",0," "," ","T",0," "," ","T",0," "," ","T",25," "," ","T",0," "," ","T",0," "," ","T",0," "," ","T",0," "," ","T",0," "," ","T",0," "," ","T",0," "," ","T",0," "," ","T",0," "," ","T",0," "," ","T",0," "," ","T",0," "," ","T",0," "," ","T",0," "," ","T",0," "," ","T",0," "," ","T",0," "," ","T",0," "," ","T",0," "," ","T",0," "," ","T",0," "," ","T",0," "," ","T",0," "," ","T",0," "," ","T"
"149","USS0012L05S",2013,6,"TMAX",183," "," ","T",216," "," ","T",185," "," ","T",195," "," ","T",181," "," ","T",187," "," ","T",205," "," ","T",198," "," ","T",255," "," ","T",228," "," ","T",203," "," ","T",221," "," ","T",208," "," ","T",200," "," ","T",205," "," ","T",206," "," ","T",212," "," ","T",213," "," ","T",186," "," ","T",192," "," ","T",200," "," ","T",191," "," ","T",203," "," ","T",175," "," ","T",215," "," ","T",249," "," ","T",267," "," ","T",278," "," ","T",268," "," ","T",256," "," ","T",NA," "," "," "
"150","USS0012L05S",2013,6,"TMIN",7," "," ","T",61," "," ","T",93," "," ","T",83," "," ","T",66," "," ","T",61," "," ","T",78," "," ","T",96," "," ","T",95," "," ","T",109," "," ","T",91," "," ","T",93," "," ","T",99," "," ","T",45," "," ","T",56," "," ","T",76," "," ","T",76," "," ","T",85," "," ","T",50," "," ","T",24," "," ","T",52," "," ","T",50," "," ","T",53," "," ","T",81," "," ","T",59," "," ","T",77," "," ","T",110," "," ","T",130," "," ","T",119," "," ","T",129," "," ","T",NA," "," "," "
"151","USS0012L05S",2013,6,"TOBS",71," "," ","T",128," "," ","T",94," "," ","T",83," "," ","T",103," "," ","T",91," "," ","T",158," "," ","T",131," "," ","T",158," "," ","T",131," "," ","T",127," "," ","T",151," "," ","T",98," "," ","T",77," "," ","T",102," "," ","T",117," "," ","T",89," "," ","T",127," "," ","T",83," "," ","T",65," "," ","T",108," "," ","T",95," "," ","T",114," "," ","T",98," "," ","T",96," "," ","T",130," "," ","T",169," "," ","T",153," "," ","T",145," "," ","T",157," "," ","T",NA," "," "," "
"152","USS0012L05S",2013,6,"PRCP",0," "," ","T",0," "," ","T",0," "," ","T",0," "," ","T",0," "," ","T",0," "," ","T",0," "," ","T",0," "," ","T",0," "," ","T",0," "," ","T",0," "," ","T",0," "," ","T",0," "," ","T",0," "," ","T",0," "," ","T",0," "," ","T",0," "," ","T",0," "," ","T",0," "," ","T",0," "," ","T",0," "," ","T",0," "," ","T",0," "," ","T",0," "," ","T",0," "," ","T",0," "," ","T",0," "," ","T",0," "," ","T",0," "," ","T",0," "," ","T",NA," "," "," "
"153","USS0012L05S",2013,6,"SNWD",0," "," ","T",0," "," ","T",0," "," ","T",0," "," ","T",0," "," ","T",0," "," ","T",0," "," ","T",0," "," ","T",0," "," ","T",0," "," ","T",0," "," ","T",0," "," ","T",0," "," ","T",0," "," ","T",0," "," ","T",0," "," ","T",0," "," ","T",0," "," ","T",0," "," ","T",0," "," ","T",0," "," ","T",0," "," ","T",0," "," ","T",0," "," ","T",0," "," ","T",0," "," ","T",0," "," ","T",0," "," ","T",0," "," ","T",0," "," ","T",NA," "," "," "
"154","USS0012L05S",2013,6,"TAVG",102," "," ","T",146," "," ","T",143," "," ","T",143," "," ","T",130," "," ","T",132," "," ","T",148," "," ","T",153," "," ","T",179," "," ","T",172," "," ","T",144," "," ","T",161," "," ","T",160," "," ","T",124," "," ","T",139," "," ","T",145," "," ","T",148," "," ","T",155," "," ","T",131," "," ","T",116," "," ","T",131," "," ","T",122," "," ","T",137," "," ","T",123," "," ","T",143," "," ","T",169," "," ","T",187," "," ","T",187," "," ","T",190," "," ","T",194," "," ","T",NA," "," "," "
"155","USS0012L05S",2013,6,"WESD",0," "," ","T",0," "," ","T",0," "," ","T",0," "," ","T",0," "," ","T",0," "," ","T",0," "," ","T",0," "," ","T",0," "," ","T",0," "," ","T",0," "," ","T",0," "," ","T",0," "," ","T",0," "," ","T",0," "," ","T",0," "," ","T",0," "," ","T",0," "," ","T",0," "," ","T",0," "," ","T",0," "," ","T",0," "," ","T",0," "," ","T",0," "," ","T",0," "," ","T",0," "," ","T",0," "," ","T",0," "," ","T",0," "," ","T",0," "," ","T",NA," "," "," "
"156","USS0012L05S",2013,7,"TMAX",267," "," ","T",253," "," ","T",253," "," ","T",244," "," ","T",237," "," ","T",210," "," ","T",211," "," ","T",228," "," ","T",247," "," ","T",266," "," ","T",203," "," ","T",192," "," ","T",214," "," ","T",206," "," ","T",226," "," ","T",211," "," ","T",209," "," ","T",215," "," ","T",227," "," ","T",244," "," ","T",245," "," ","T",243," "," ","T",241," "," ","T",217," "," ","T",225," "," ","T",230," "," ","T",184," "," ","T",185," "," ","T",180," "," ","T",210," "," ","T",226," "," ","T"
"157","USS0012L05S",2013,7,"TMIN",129," "," ","T",130," "," ","T",128," "," ","T",128," "," ","T",101," "," ","T",89," "," ","T",88," "," ","T",93," "," ","T",101," "," ","T",110," "," ","T",102," "," ","T",103," "," ","T",84," "," ","T",99," "," ","T",108," "," ","T",108," "," ","T",108," "," ","T",112," "," ","T",106," "," ","T",110," "," ","T",124," "," ","T",114," "," ","T",125," "," ","T",98," "," ","T",97," "," ","T",145," "," ","T",87," "," ","T",77," "," ","T",66," "," ","T",100," "," ","T",91," "," ","T"
"158","USS0012L05S",2013,7,"TOBS",147," "," ","T",168," "," ","T",159," "," ","T",137," "," ","T",101," "," ","T",120," "," ","T",95," "," ","T",153," "," ","T",138," "," ","T",161," "," ","T",110," "," ","T",109," "," ","T",106," "," ","T",123," "," ","T",125," "," ","T",125," "," ","T",130," "," ","T",120," "," ","T",132," "," ","T",132," "," ","T",153," "," ","T",160," "," ","T",135," "," ","T",108," "," ","T",153," "," ","T",154," "," ","T",89," "," ","T",81," "," ","T",117," "," ","T",127," "," ","T",121," "," ","T"
"159","USS0012L05S",2013,7,"PRCP",0," "," ","T",0," "," ","T",0," "," ","T",0," "," ","T",25," "," ","T",25," "," ","T",25," "," ","T",0," "," ","T",0," "," ","T",0," "," ","T",178," "," ","T",51," "," ","T",76," "," ","T",25," "," ","T",0," "," ","T",0," "," ","T",203," "," ","T",51," "," ","T",0," "," ","T",0," "," ","T",0," "," ","T",0," "," ","T",0," "," ","T",279," "," ","T",0," "," ","T",0," "," ","T",152," "," ","T",152," "," ","T",25," "," ","T",0," "," ","T",0," "," ","T"
"160","USS0012L05S",2013,7,"SNWD",0," "," ","T",0," "," ","T",0," "," ","T",0," "," ","T",0," "," ","T",0," "," ","T",0," "," ","T",0," "," ","T",0," "," ","T",0," "," ","T",0," "," ","T",0," "," ","T",0," "," ","T",0," "," ","T",0," "," ","T",0," "," ","T",0," "," ","T",0," "," ","T",0," "," ","T",0," "," ","T",0," "," ","T",0," "," ","T",0," "," ","T",0," "," ","T",0," "," ","T",0," "," ","T",0," "," ","T",0," "," ","T",0," "," ","T",0," "," ","T",0," "," ","T"
"161","USS0012L05S",2013,7,"TAVG",198," "," ","T",192," "," ","T",195," "," ","T",179," "," ","T",157," "," ","T",135," "," ","T",139," "," ","T",171," "," ","T",181," "," ","T",193," "," ","T",147," "," ","T",133," "," ","T",140," "," ","T",146," "," ","T",149," "," ","T",142," "," ","T",140," "," ","T",151," "," ","T",154," "," ","T",180," "," ","T",175," "," ","T",170," "," ","T",170," "," ","T",139," "," ","T",164," "," ","T",179," "," ","T",135," "," ","T",118," "," ","T",122," "," ","T",153," "," ","T",161," "," ","T"
"162","USS0012L05S",2013,7,"WESD",0," "," ","T",0," "," ","T",0," "," ","T",0," "," ","T",0," "," ","T",0," "," ","T",0," "," ","T",0," "," ","T",0," "," ","T",0," "," ","T",0," "," ","T",0," "," ","T",0," "," ","T",0," "," ","T",0," "," ","T",0," "," ","T",0," "," ","T",0," "," ","T",0," "," ","T",0," "," ","T",0," "," ","T",0," "," ","T",0," "," ","T",0," "," ","T",0," "," ","T",0," "," ","T",0," "," ","T",0," "," ","T",0," "," ","T",0," "," ","T",0," "," ","T"
"163","USS0012L05S",2013,8,"TMAX",219," "," ","T",223," "," ","T",228," "," ","T",222," "," ","T",220," "," ","T",212," "," ","T",188," "," ","T",205," "," ","T",204," "," ","T",185," "," ","T",201," "," ","T",187," "," ","T",212," "," ","T",236," "," ","T",229," "," ","T",237," "," ","T",223," "," ","T",219," "," ","T",228," "," ","T",218," "," ","T",221," "," ","T",192," "," ","T",146," "," ","T",177," "," ","T",142," "," ","T",160," "," ","T",153," "," ","T",193," "," ","T",233," "," ","T",219," "," ","T",191," "," ","T"
"164","USS0012L05S",2013,8,"TMIN",106," "," ","T",106," "," ","T",81," "," ","T",99," "," ","T",97," "," ","T",102," "," ","T",80," "," ","T",61," "," ","T",72," "," ","T",70," "," ","T",68," "," ","T",86," "," ","T",78," "," ","T",90," "," ","T",101," "," ","T",112," "," ","T",106," "," ","T",87," "," ","T",106," "," ","T",101," "," ","T",97," "," ","T",110," "," ","T",75," "," ","T",69," "," ","T",62," "," ","T",79," "," ","T",97," "," ","T",98," "," ","T",97," "," ","T",106," "," ","T",107," "," ","T"
"165","USS0012L05S",2013,8,"TOBS",117," "," ","T",137," "," ","T",119," "," ","T",113," "," ","T",145," "," ","T",121," "," ","T",80," "," ","T",90," "," ","T",90," "," ","T",82," "," ","T",121," "," ","T",87," "," ","T",114," "," ","T",113," "," ","T",126," "," ","T",129," "," ","T",131," "," ","T",120," "," ","T",119," "," ","T",107," "," ","T",133," "," ","T",121," "," ","T",98," "," ","T",71," "," ","T",81," "," ","T",100," "," ","T",103," "," ","T",111," "," ","T",121," "," ","T",132," "," ","T",108," "," ","T"
"166","USS0012L05S",2013,8,"PRCP",0," "," ","T",0," "," ","T",0," "," ","T",0," "," ","T",0," "," ","T",0," "," ","T",102," "," ","T",0," "," ","T",0," "," ","T",25," "," ","T",0," "," ","T",0," "," ","T",0," "," ","T",0," "," ","T",0," "," ","T",0," "," ","T",51," "," ","T",25," "," ","T",0," "," ","T",25," "," ","T",0," "," ","T",0," "," ","T",127," "," ","T",102," "," ","T",25," "," ","T",102," "," ","T",25," "," ","T",0," "," ","T",0," "," ","T",25," "," ","T",51," "," ","T"
"167","USS0012L05S",2013,8,"SNWD",0," "," ","T",0," "," ","T",0," "," ","T",0," "," ","T",0," "," ","T",0," "," ","T",0," "," ","T",0," "," ","T",0," "," ","T",0," "," ","T",0," "," ","T",0," "," ","T",0," "," ","T",0," "," ","T",0," "," ","T",0," "," ","T",0," "," ","T",0," "," ","T",0," "," ","T",0," "," ","T",0," "," ","T",0," "," ","T",0," "," ","T",0," "," ","T",0," "," ","T",0," "," ","T",0," "," ","T",0," "," ","T",0," "," ","T",0," "," ","T",0," "," ","T"
"168","USS0012L05S",2013,8,"TAVG",157," "," ","T",160," "," ","T",156," "," ","T",148," "," ","T",163," "," ","T",147," "," ","T",128," "," ","T",126," "," ","T",136," "," ","T",118," "," ","T",125," "," ","T",126," "," ","T",143," "," ","T",158," "," ","T",166," "," ","T",170," "," ","T",148," "," ","T",149," "," ","T",149," "," ","T",143," "," ","T",142," "," ","T",143," "," ","T",107," "," ","T",108," "," ","T",98," "," ","T",105," "," ","T",115," "," ","T",135," "," ","T",155," "," ","T",143," "," ","T",133," "," ","T"
"169","USS0012L05S",2013,8,"WESD",0," "," ","T",0," "," ","T",0," "," ","T",0," "," ","T",0," "," ","T",0," "," ","T",0," "," ","T",0," "," ","T",0," "," ","T",0," "," ","T",0," "," ","T",0," "," ","T",0," "," ","T",0," "," ","T",0," "," ","T",0," "," ","T",0," "," ","T",0," "," ","T",0," "," ","T",0," "," ","T",0," "," ","T",0," "," ","T",0," "," ","T",0," "," ","T",0," "," ","T",0," "," ","T",0," "," ","T",0," "," ","T",0," "," ","T",0," "," ","T",0," "," ","T"
"170","USS0012L05S",2013,9,"TMAX",164," "," ","T",200," "," ","T",209," "," ","T",200," "," ","T",214," "," ","T",209," "," ","T",205," "," ","T",130," "," ","T",160," "," ","T",125," "," ","T",112," "," ","T",146," "," ","T",147," "," ","T",142," "," ","T",159," "," ","T",192," "," ","T",179," "," ","T",164," "," ","T",147," "," ","T",179," "," ","T",172," "," ","T",100," "," ","T",134," "," ","T",164," "," ","T",136," "," ","T",98," "," ","T",23," "," ","T",124," "," ","T",152," "," ","T",163," "," ","T",NA," "," "," "
"171","USS0012L05S",2013,9,"TMIN",100," "," ","T",90," "," ","T",97," "," ","T",99," "," ","T",103," "," ","T",96," "," ","T",91," "," ","T",87," "," ","T",83," "," ","T",72," "," ","T",59," "," ","T",57," "," ","T",60," "," ","T",51," "," ","T",50," "," ","T",73," "," ","T",81," "," ","T",44," "," ","T",20," "," ","T",37," "," ","T",58," "," ","T",32," "," ","T",10," "," ","T",36," "," ","T",0," "," ","T",-19," "," ","T",-33," "," ","T",-37," "," ","T",17," "," ","T",46," "," ","T",NA," "," "," "
"172","USS0012L05S",2013,9,"TOBS",101," "," ","T",112," "," ","T",108," "," ","T",106," "," ","T",118," "," ","T",116," "," ","T",94," "," ","T",91," "," ","T",86," "," ","T",73," "," ","T",73," "," ","T",67," "," ","T",61," "," ","T",51," "," ","T",77," "," ","T",112," "," ","T",109," "," ","T",45," "," ","T",52," "," ","T",68," "," ","T",94," "," ","T",39," "," ","T",41," "," ","T",82," "," ","T",0," "," ","T",-17," "," ","T",-33," "," ","T",24," "," ","T",56," "," ","T",75," "," ","T",NA," "," "," "
"173","USS0012L05S",2013,9,"PRCP",25," "," ","T",0," "," ","T",0," "," ","T",25," "," ","T",0," "," ","T",0," "," ","T",51," "," ","T",203," "," ","T",51," "," ","T",330," "," ","T",127," "," ","T",0," "," ","T",25," "," ","T",25," "," ","T",0," "," ","T",0," "," ","T",0," "," ","T",0," "," ","T",0," "," ","T",0," "," ","T",0," "," ","T",102," "," ","T",0," "," ","T",0," "," ","T",0," "," ","T",0," "," ","T",51," "," ","T",0," "," ","T",0," "," ","T",0," "," ","T",NA," "," "," "
"174","USS0012L05S",2013,9,"SNWD",0," "," ","T",0," "," ","T",0," "," ","T",0," "," ","T",0," "," ","T",0," "," ","T",0," "," ","T",0," "," ","T",0," "," ","T",0," "," ","T",0," "," ","T",0," "," ","T",0," "," ","T",0," "," ","T",0," "," ","T",0," "," ","T",0," "," ","T",0," "," ","T",0," "," ","T",0," "," ","T",0," "," ","T",0," "," ","T",0," "," ","T",0," "," ","T",0," "," ","T",0," "," ","T",0," "," ","T",0," "," ","T",0," "," ","T",0," "," ","T",NA," "," "," "
"175","USS0012L05S",2013,9,"TAVG",123," "," ","T",133," "," ","T",147," "," ","T",139," "," ","T",150," "," ","T",148," "," ","T",130," "," ","T",100," "," ","T",105," "," ","T",90," "," ","T",80," "," ","T",92," "," ","T",94," "," ","T",87," "," ","T",100," "," ","T",122," "," ","T",128," "," ","T",109," "," ","T",84," "," ","T",109," "," ","T",116," "," ","T",68," "," ","T",69," "," ","T",105," "," ","T",81," "," ","T",32," "," ","T",-11," "," ","T",43," "," ","T",90," "," ","T",108," "," ","T",NA," "," "," "
"176","USS0012L05S",2013,9,"WESD",0," "," ","T",0," "," ","T",0," "," ","T",0," "," ","T",0," "," ","T",0," "," ","T",0," "," ","T",0," "," ","T",0," "," ","T",0," "," ","T",0," "," ","T",0," "," ","T",0," "," ","T",0," "," ","T",0," "," ","T",0," "," ","T",0," "," ","T",0," "," ","T",0," "," ","T",0," "," ","T",0," "," ","T",0," "," ","T",0," "," ","T",0," "," ","T",0," "," ","T",0," "," ","T",0," "," ","T",0," "," ","T",0," "," ","T",0," "," ","T",NA," "," "," "
"177","USS0012L05S",2013,10,"TMAX",174," "," ","T",153," "," ","T",101," "," ","T",-1," "," ","T",77," "," ","T",162," "," ","T",176," "," ","T",125," "," ","T",102," "," ","T",35," "," ","T",65," "," ","T",91," "," ","T",65," "," ","T",21," "," ","T",26," "," ","T",64," "," ","T",82," "," ","T",79," "," ","T",110," "," ","T",95," "," ","T",102," "," ","T",133," "," ","T",128," "," ","T",137," "," ","T",115," "," ","T",123," "," ","T",115," "," ","T",83," "," ","T",19," "," ","T",5," "," ","T",51," "," ","T"
"178","USS0012L05S",2013,10,"TMIN",40," "," ","T",41," "," ","T",-52," "," ","T",-59," "," ","T",-64," "," ","T",13," "," ","T",37," "," ","T",12," "," ","T",2," "," ","T",-26," "," ","T",-16," "," ","T",-27," "," ","T",-8," "," ","T",-34," "," ","T",-49," "," ","T",-66," "," ","T",-23," "," ","T",-30," "," ","T",-19," "," ","T",-4," "," ","T",-18," "," ","T",1," "," ","T",-2," "," ","T",12," "," ","T",7," "," ","T",4," "," ","T",17," "," ","T",-32," "," ","T",-66," "," ","T",-63," "," ","T",-60," "," ","T"
"179","USS0012L05S",2013,10,"TOBS",64," "," ","T",73," "," ","T",-43," "," ","T",-44," "," ","T",15," "," ","T",48," "," ","T",67," "," ","T",41," "," ","T",4," "," ","T",6," "," ","T",-11," "," ","T",21," "," ","T",-7," "," ","T",-32," "," ","T",-49," "," ","T",-9," "," ","T",0," "," ","T",-4," "," ","T",13," "," ","T",22," "," ","T",4," "," ","T",22," "," ","T",30," "," ","T",22," "," ","T",12," "," ","T",17," "," ","T",22," "," ","T",-32," "," ","T",-41," "," ","T",-46," "," ","T",-1," "," ","T"
"180","USS0012L05S",2013,10,"PRCP",0," "," ","T",0," "," ","T",25," "," ","T",25," "," ","T",0," "," ","T",0," "," ","T",0," "," ","T",0," "," ","T",0," "," ","T",127," "," ","T",0," "," ","T",0," "," ","T",51," "," ","T",25," "," ","T",0," "," ","T",0," "," ","T",0," "," ","T",0," "," ","T",0," "," ","T",0," "," ","T",0," "," ","T",0," "," ","T",0," "," ","T",0," "," ","T",0," "," ","T",0," "," ","T",0," "," ","T",178," "," ","T",76," "," ","T",0," "," ","T",0," "," ","T"
"181","USS0012L05S",2013,10,"SNWD",0," "," ","T",0," "," ","T",0," "," ","T",0," "," ","T",0," "," ","T",0," "," ","T",0," "," ","T",0," "," ","T",0," "," ","T",51," "," ","T",0," "," ","T",0," "," ","T",0," "," ","T",0," "," ","T",0," "," ","T",0," "," ","T",0," "," ","T",0," "," ","T",0," "," ","T",0," "," ","T",0," "," ","T",0," "," ","T",0," "," ","T",0," "," ","T",0," "," ","T",0," "," ","T",0," "," ","T",229," "," ","T",203," "," ","T",152," "," ","T",127," "," ","T"
"182","USS0012L05S",2013,10,"TAVG",107," "," ","T",97," "," ","T",22," "," ","T",-34," "," ","T",9," "," ","T",86," "," ","T",93," "," ","T",72," "," ","T",45," "," ","T",5," "," ","T",17," "," ","T",31," "," ","T",16," "," ","T",-4," "," ","T",-15," "," ","T",-3," "," ","T",24," "," ","T",20," "," ","T",40," "," ","T",42," "," ","T",36," "," ","T",59," "," ","T",58," "," ","T",60," "," ","T",53," "," ","T",57," "," ","T",65," "," ","T",17," "," ","T",-32," "," ","T",-30," "," ","T",-7," "," ","T"
"183","USS0012L05S",2013,10,"WESD",0," "," ","T",0," "," ","T",0," "," ","T",0," "," ","T",0," "," ","T",0," "," ","T",0," "," ","T",0," "," ","T",0," "," ","T",102," "," ","T",0," "," ","T",0," "," ","T",0," "," ","T",0," "," ","T",0," "," ","T",0," "," ","T",0," "," ","T",0," "," ","T",0," "," ","T",0," "," ","T",0," "," ","T",0," "," ","T",0," "," ","T",0," "," ","T",0," "," ","T",0," "," ","T",0," "," ","T",203," "," ","T",254," "," ","T",254," "," ","T",254," "," ","T"
"184","USS0012L05S",2013,11,"TMAX",74," "," ","T",123," "," ","T",58," "," ","T",-13," "," ","T",-18," "," ","T",54," "," ","T",83," "," ","T",97," "," ","T",117," "," ","T",111," "," ","T",120," "," ","T",118," "," ","T",99," "," ","T",82," "," ","T",40," "," ","T",8," "," ","T",54," "," ","T",90," "," ","T",54," "," ","T",16," "," ","T",21," "," ","T",-9," "," ","T",-14," "," ","T",30," "," ","T",41," "," ","T",69," "," ","T",51," "," ","T",38," "," ","T",41," "," ","T",47," "," ","T",NA," "," "," "
"185","USS0012L05S",2013,11,"TMIN",-29," "," ","T",-12," "," ","T",-75," "," ","T",-100," "," ","T",-135," "," ","T",-66," "," ","T",-19," "," ","T",-9," "," ","T",-3," "," ","T",2," "," ","T",10," "," ","T",12," "," ","T",-11," "," ","T",-39," "," ","T",-55," "," ","T",-44," "," ","T",-48," "," ","T",-25," "," ","T",-17," "," ","T",-20," "," ","T",-38," "," ","T",-48," "," ","T",-42," "," ","T",-71," "," ","T",-74," "," ","T",-36," "," ","T",-42," "," ","T",-51," "," ","T",-59," "," ","T",-59," "," ","T",NA," "," "," "
"186","USS0012L05S",2013,11,"TOBS",-5," "," ","T",36," "," ","T",-62," "," ","T",-91," "," ","T",-65," "," ","T",-10," "," ","T",44," "," ","T",8," "," ","T",13," "," ","T",26," "," ","T",27," "," ","T",30," "," ","T",20," "," ","T",13," "," ","T",-41," "," ","T",-1," "," ","T",-9," "," ","T",24," "," ","T",1," "," ","T",-2," "," ","T",-38," "," ","T",-31," "," ","T",-31," "," ","T",-70," "," ","T",11," "," ","T",-22," "," ","T",-38," "," ","T",-17," "," ","T",-38," "," ","T",-30," "," ","T",NA," "," "," "
"187","USS0012L05S",2013,11,"PRCP",0," "," ","T",0," "," ","T",0," "," ","T",51," "," ","T",0," "," ","T",25," "," ","T",25," "," ","T",0," "," ","T",0," "," ","T",0," "," ","T",0," "," ","T",0," "," ","T",0," "," ","T",0," "," ","T",25," "," ","T",0," "," ","T",0," "," ","T",0," "," ","T",25," "," ","T",25," "," ","T",51," "," ","T",102," "," ","T",76," "," ","T",0," "," ","T",0," "," ","T",0," "," ","T",0," "," ","T",0," "," ","T",0," "," ","T",0," "," ","T",NA," "," "," "
"188","USS0012L05S",2013,11,"SNWD",102," "," ","T",76," "," ","T",76," "," ","T",152," "," ","T",152," "," ","T",127," "," ","T",127," "," ","T",102," "," ","T",102," "," ","T",102," "," ","T",76," "," ","T",76," "," ","T",76," "," ","T",76," "," ","T",127," "," ","T",102," "," ","T",102," "," ","T",76," "," ","T",76," "," ","T",76," "," ","T",152," "," ","T",254," "," ","T",279," "," ","T",279," "," ","T",254," "," ","T",254," "," ","T",229," "," ","T",229," "," ","T",203," "," ","T",203," "," ","T",NA," "," "," "
"189","USS0012L05S",2013,11,"TAVG",17," "," ","T",47," "," ","T",-4," "," ","T",-59," "," ","T",-74," "," ","T",-6," "," ","T",33," "," ","T",41," "," ","T",47," "," ","T",50," "," ","T",58," "," ","T",58," "," ","T",44," "," ","T",26," "," ","T",-6," "," ","T",-7," "," ","T",6," "," ","T",23," "," ","T",14," "," ","T",0," "," ","T",-5," "," ","T",-34," "," ","T",-30," "," ","T",-26," "," ","T",0," "," ","T",13," "," ","T",-6," "," ","T",-9," "," ","T",-9," "," ","T",-11," "," ","T",NA," "," "," "
"190","USS0012L05S",2013,11,"WESD",254," "," ","T",254," "," ","T",178," "," ","T",229," "," ","T",229," "," ","T",305," "," ","T",356," "," ","T",356," "," ","T",356," "," ","T",356," "," ","T",330," "," ","T",330," "," ","T",279," "," ","T",279," "," ","T",305," "," ","T",305," "," ","T",305," "," ","T",305," "," ","T",330," "," ","T",381," "," ","T",432," "," ","T",559," "," ","T",610," "," ","T",610," "," ","T",610," "," ","T",610," "," ","T",610," "," ","T",610," "," ","T",610," "," ","T",610," "," ","T",NA," "," "," "
"191","USS0012L05S",2013,12,"TMAX",75," "," ","T",63," "," ","T",39," "," ","T",-110," "," ","T",-102," "," ","T",-78," "," ","T",-81," "," ","T",-118," "," ","T",-92," "," ","T",17," "," ","T",22," "," ","T",82," "," ","T",4," "," ","T",-1," "," ","T",72," "," ","T",85," "," ","T",113," "," ","T",92," "," ","T",12," "," ","T",-15," "," ","T",-29," "," ","T",-30," "," ","T",29," "," ","T",21," "," ","T",48," "," ","T",73," "," ","T",103," "," ","T",37," "," ","T",23," "," ","T",50," "," ","T",64," "," ","T"
"192","USS0012L05S",2013,12,"TMIN",-56," "," ","T",14," "," ","T",-110," "," ","T",-229," "," ","T",-235," "," ","T",-232," "," ","T",-137," "," ","T",-218," "," ","T",-215," "," ","T",-119," "," ","T",-105," "," ","T",-72," "," ","T",-86," "," ","T",-109," "," ","T",-51," "," ","T",-31," "," ","T",-29," "," ","T",-11," "," ","T",-77," "," ","T",-110," "," ","T",-86," "," ","T",-130," "," ","T",-43," "," ","T",-95," "," ","T",-92," "," ","T",-45," "," ","T",-35," "," ","T",-92," "," ","T",-130," "," ","T",-71," "," ","T",-40," "," ","T"
"193","USS0012L05S",2013,12,"TOBS",23," "," ","T",38," "," ","T",-110," "," ","T",-220," "," ","T",-221," "," ","T",-123," "," ","T",-137," "," ","T",-190," "," ","T",-104," "," ","T",-96," "," ","T",-47," "," ","T",2," "," ","T",-83," "," ","T",-35," "," ","T",-11," "," ","T",-21," "," ","T",44," "," ","T",4," "," ","T",-75," "," ","T",-84," "," ","T",-85," "," ","T",-39," "," ","T",-2," "," ","T",-59," "," ","T",2," "," ","T",-26," "," ","T",-9," "," ","T",-85," "," ","T",-48," "," ","T",-38," "," ","T",3," "," ","T"
"194","USS0012L05S",2013,12,"PRCP",0," "," ","T",0," "," ","T",102," "," ","T",0," "," ","T",0," "," ","T",0," "," ","T",178," "," ","T",0," "," ","T",0," "," ","T",0," "," ","T",0," "," ","T",0," "," ","T",25," "," ","T",0," "," ","T",0," "," ","T",0," "," ","T",0," "," ","T",51," "," ","T",0," "," ","T",0," "," ","T",0," "," ","T",0," "," ","T",51," "," ","T",0," "," ","T",0," "," ","T",0," "," ","T",0," "," ","T",0," "," ","T",0," "," ","T",0," "," ","T",0," "," ","T"
"195","USS0012L05S",2013,12,"SNWD",203," "," ","T",203," "," ","T",356," "," ","T",330," "," ","T",305," "," ","T",305," "," ","T",406," "," ","T",381," "," ","T",381," "," ","T",356," "," ","T",356," "," ","T",356," "," ","T",356," "," ","T",356," "," ","T",330," "," ","T",330," "," ","T",330," "," ","T",381," "," ","T",381," "," ","T",381," "," ","T",356," "," ","T",330," "," ","T",356," "," ","T",356," "," ","T",356," "," ","T",356," "," ","T",330," "," ","T",330," "," ","T",330," "," ","T",330," "," ","T",330," "," ","T"
"196","USS0012L05S",2013,12,"TAVG",13," "," ","T",34," "," ","T",-23," "," ","T",-166," "," ","T",-184," "," ","T",-142," "," ","T",-110," "," ","T",-167," "," ","T",-152," "," ","T",-56," "," ","T",-49," "," ","T",-4," "," ","T",-44," "," ","T",-45," "," ","T",5," "," ","T",12," "," ","T",39," "," ","T",30," "," ","T",-26," "," ","T",-72," "," ","T",-54," "," ","T",-64," "," ","T",-17," "," ","T",-22," "," ","T",-10," "," ","T",4," "," ","T",17," "," ","T",-18," "," ","T",-53," "," ","T",-19," "," ","T",11," "," ","T"
"197","USS0012L05S",2013,12,"WESD",610," "," ","T",610," "," ","T",686," "," ","T",686," "," ","T",686," "," ","T",686," "," ","T",864," "," ","T",864," "," ","T",864," "," ","T",864," "," ","T",864," "," ","T",864," "," ","T",889," "," ","T",889," "," ","T",889," "," ","T",889," "," ","T",889," "," ","T",940," "," ","T",940," "," ","T",940," "," ","T",940," "," ","T",940," "," ","T",965," "," ","T",965," "," ","T",965," "," ","T",965," "," ","T",965," "," ","T",965," "," ","T",965," "," ","T",965," "," ","T",965," "," ","T"
"198","USS0012L05S",2014,1,"TMAX",43," "," ","T",82," "," ","T",70," "," ","T",8," "," ","T",-58," "," ","T",51," "," ","T",38," "," ","T",12," "," ","T",3," "," ","T",9," "," ","T",62," "," ","T",10," "," ","T",12," "," ","T",21," "," ","T",55," "," ","T",61," "," ","T",61," "," ","T",69," "," ","T",79," "," ","T",86," "," ","T",80," "," ","T",55," "," ","T",-1," "," ","T",64," "," ","T",66," "," ","T",53," "," ","T",44," "," ","T",36," "," ","T",59," "," ","T",38," "," ","T",-28," "," ","T"
"199","USS0012L05S",2014,1,"TMIN",-43," "," ","T",-45," "," ","T",-31," "," ","T",-118," "," ","T",-134," "," ","T",-120," "," ","T",-52," "," ","T",-54," "," ","T",-77," "," ","T",-44," "," ","T",-45," "," ","T",-80," "," ","T",-66," "," ","T",-47," "," ","T",-56," "," ","T",-51," "," ","T",-35," "," ","T",-50," "," ","T",-34," "," ","T",-41," "," ","T",-52," "," ","T",-57," "," ","T",-99," "," ","T",-91," "," ","T",-52," "," ","T",-46," "," ","T",-59," "," ","T",-50," "," ","T",-48," "," ","T",-85," "," ","T",-122," "," ","T"
"200","USS0012L05S",2014,1,"TOBS",-29," "," ","T",-6," "," ","T",5," "," ","T",-107," "," ","T",-119," "," ","T",-2," "," ","T",-50," "," ","T",-51," "," ","T",-44," "," ","T",-16," "," ","T",9," "," ","T",-65," "," ","T",-24," "," ","T",-32," "," ","T",-27," "," ","T",-34," "," ","T",-37," "," ","T",-17," "," ","T",-12," "," ","T",-26," "," ","T",-20," "," ","T",-45," "," ","T",-76," "," ","T",-27," "," ","T",-12," "," ","T",-22," "," ","T",-20," "," ","T",-41," "," ","T",38," "," ","T",-84," "," ","T",-112," "," ","T"
"201","USS0012L05S",2014,1,"PRCP",0," "," ","T",0," "," ","T",0," "," ","T",0," "," ","T",0," "," ","T",0," "," ","T",0," "," ","T",0," "," ","T",25," "," ","T",0," "," ","T",0," "," ","T",51," "," ","T",0," "," ","T",0," "," ","T",0," "," ","T",0," "," ","T",0," "," ","T",0," "," ","T",0," "," ","T",0," "," ","T",0," "," ","T",0," "," ","T",0," "," ","T",0," "," ","T",0," "," ","T",0," "," ","T",0," "," ","T",0," "," ","T",25," "," ","T",76," "," ","T",0," "," ","T"
"202","USS0012L05S",2014,1,"SNWD",330," "," ","T",330," "," ","T",330," "," ","T",330," "," ","T",330," "," ","T",330," "," ","T",330," "," ","T",330," "," ","T",305," "," ","T",305," "," ","T",305," "," ","T",330," "," ","T",330," "," ","T",330," "," ","T",305," "," ","T",305," "," ","T",305," "," ","T",305," "," ","T",305," "," ","T",305," "," ","T",305," "," ","T",305," "," ","T",305," "," ","T",305," "," ","T",305," "," ","T",305," "," ","T",305," "," ","T",279," "," ","T",279," "," ","T",381," "," ","T",381," "," ","T"
"203","USS0012L05S",2014,1,"TAVG",-8," "," ","T",8," "," ","T",20," "," ","T",-72," "," ","T",-98," "," ","T",-16," "," ","T",4," "," ","T",-29," "," ","T",-35," "," ","T",-16," "," ","T",12," "," ","T",-53," "," ","T",-31," "," ","T",-15," "," ","T",0," "," ","T",-3," "," ","T",8," "," ","T",4," "," ","T",13," "," ","T",5," "," ","T",6," "," ","T",-8," "," ","T",-53," "," ","T",-13," "," ","T",7," "," ","T",2," "," ","T",-7," "," ","T",-17," "," ","T",18," "," ","T",-12," "," ","T",-69," "," ","T"
"204","USS0012L05S",2014,1,"WESD",965," "," ","T",965," "," ","T",965," "," ","T",965," "," ","T",965," "," ","T",965," "," ","T",965," "," ","T",965," "," ","T",965," "," ","T",965," "," ","T",965," "," ","T",991," "," ","T",991," "," ","T",991," "," ","T",965," "," ","T",965," "," ","T",965," "," ","T",965," "," ","T",965," "," ","T",965," "," ","T",965," "," ","T",965," "," ","T",965," "," ","T",965," "," ","T",965," "," ","T",965," "," ","T",965," "," ","T",940," "," ","T",965," "," ","T",1041," "," ","T",1041," "," ","T"
"205","USS0012L05S",2014,2,"TMAX",-67," "," ","T",-42," "," ","T",-19," "," ","T",-74," "," ","T",-31," "," ","T",10," "," ","T",-22," "," ","T",21," "," ","T",34," "," ","T",18," "," ","T",35," "," ","T",61," "," ","T",67," "," ","T",73," "," ","T",94," "," ","T",70," "," ","T",71," "," ","T",82," "," ","T",36," "," ","T",-7," "," ","T",28," "," ","T",31," "," ","T",83," "," ","T",87," "," ","T",100," "," ","T",88," "," ","T",17," "," ","T",25," "," ","T",NA," "," "," ",NA," "," "," ",NA," "," "," "
"206","USS0012L05S",2014,2,"TMIN",-175," "," ","T",-177," "," ","T",-120," "," ","T",-168," "," ","T",-174," "," ","T",-89," "," ","T",-62," "," ","T",-38," "," ","T",-6," "," ","T",-85," "," ","T",-100," "," ","T",-82," "," ","T",14," "," ","T",13," "," ","T",28," "," ","T",-25," "," ","T",-48," "," ","T",-23," "," ","T",-105," "," ","T",-116," "," ","T",-34," "," ","T",-40," "," ","T",-58," "," ","T",-35," "," ","T",-16," "," ","T",-24," "," ","T",-32," "," ","T",-64," "," ","T",NA," "," "," ",NA," "," "," ",NA," "," "," "
"207","USS0012L05S",2014,2,"TOBS",-168," "," ","T",-85," "," ","T",-82," "," ","T",-164," "," ","T",-81," "," ","T",-62," "," ","T",-37," "," ","T",18," "," ","T",11," "," ","T",-74," "," ","T",-75," "," ","T",31," "," ","T",14," "," ","T",53," "," ","T",40," "," ","T",-14," "," ","T",13," "," ","T",-17," "," ","T",-103," "," ","T",-29," "," ","T",-16," "," ","T",-37," "," ","T",-7," "," ","T",9," "," ","T",-10," "," ","T",10," "," ","T",-23," "," ","T",5," "," ","T",NA," "," "," ",NA," "," "," ",NA," "," "," "
"208","USS0012L05S",2014,2,"PRCP",0," "," ","T",0," "," ","T",25," "," ","T",25," "," ","T",0," "," ","T",25," "," ","T",25," "," ","T",51," "," ","T",102," "," ","T",51," "," ","T",0," "," ","T",0," "," ","T",0," "," ","T",0," "," ","T",0," "," ","T",0," "," ","T",0," "," ","T",0," "," ","T",51," "," ","T",0," "," ","T",0," "," ","T",0," "," ","T",0," "," ","T",0," "," ","T",0," "," ","T",0," "," ","T",127," "," ","T",76," "," ","T",NA," "," "," ",NA," "," "," ",NA," "," "," "
"209","USS0012L05S",2014,2,"SNWD",381," "," ","T",356," "," ","T",356," "," ","T",432," "," ","T",406," "," ","T",406," "," ","T",406," "," ","T",432," "," ","T",483," "," ","T",508," "," ","T",483," "," ","T",457," "," ","T",432," "," ","T",406," "," ","T",406," "," ","T",381," "," ","T",381," "," ","T",381," "," ","T",432," "," ","T",432," "," ","T",406," "," ","T",406," "," ","T",406," "," ","T",381," "," ","T",381," "," ","T",381," "," ","T",432," "," ","T",483," "," ","T",NA," "," "," ",NA," "," "," ",NA," "," "," "
"210","USS0012L05S",2014,2,"TAVG",-114," "," ","T",-102," "," ","T",-78," "," ","T",-105," "," ","T",-93," "," ","T",-54," "," ","T",-42," "," ","T",-1," "," ","T",13," "," ","T",-15," "," ","T",-43," "," ","T",13," "," ","T",39," "," ","T",48," "," ","T",63," "," ","T",30," "," ","T",20," "," ","T",27," "," ","T",-29," "," ","T",-62," "," ","T",-11," "," ","T",-5," "," ","T",9," "," ","T",29," "," ","T",38," "," ","T",31," "," ","T",-7," "," ","T",-6," "," ","T",NA," "," "," ",NA," "," "," ",NA," "," "," "
"211","USS0012L05S",2014,2,"WESD",1041," "," ","T",1041," "," ","T",1067," "," ","T",1092," "," ","T",1092," "," ","T",1143," "," ","T",1168," "," ","T",1219," "," ","T",1321," "," ","T",1346," "," ","T",1346," "," ","T",1346," "," ","T",1346," "," ","T",1346," "," ","T",1346," "," ","T",1346," "," ","T",1346," "," ","T",1346," "," ","T",1372," "," ","T",1372," "," ","T",1372," "," ","T",1372," "," ","T",1372," "," ","T",1372," "," ","T",1372," "," ","T",1372," "," ","T",1448," "," ","T",1499," "," ","T",NA," "," "," ",NA," "," "," ",NA," "," "," "
"212","USS0012L05S",2014,3,"TMAX",27," "," ","T",58," "," ","T",78," "," ","T",36," "," ","T",86," "," ","T",76," "," ","T",-1," "," ","T",58," "," ","T",123," "," ","T",89," "," ","T",-9," "," ","T",22," "," ","T",48," "," ","T",82," "," ","T",19," "," ","T",115," "," ","T",73," "," ","T",-20," "," ","T",72," "," ","T",78," "," ","T",71," "," ","T",31," "," ","T",64," "," ","T",86," "," ","T",107," "," ","T",36," "," ","T",16," "," ","T",65," "," ","T",78," "," ","T",34," "," ","T",31," "," ","T"
"213","USS0012L05S",2014,3,"TMIN",-62," "," ","T",-78," "," ","T",-56," "," ","T",-60," "," ","T",-71," "," ","T",-11," "," ","T",-53," "," ","T",-64," "," ","T",-34," "," ","T",-49," "," ","T",-84," "," ","T",-101," "," ","T",-52," "," ","T",-62," "," ","T",-35," "," ","T",-29," "," ","T",-89," "," ","T",-116," "," ","T",-130," "," ","T",-33," "," ","T",-13," "," ","T",-64," "," ","T",-71," "," ","T",-27," "," ","T",-16," "," ","T",-47," "," ","T",-42," "," ","T",-62," "," ","T",-31," "," ","T",-81," "," ","T",-111," "," ","T"
"214","USS0012L05S",2014,3,"TOBS",-58," "," ","T",-29," "," ","T",-5," "," ","T",-55," "," ","T",-4," "," ","T",-11," "," ","T",-51," "," ","T",-34," "," ","T",31," "," ","T",-48," "," ","T",-87," "," ","T",-34," "," ","T",-36," "," ","T",-24," "," ","T",1," "," ","T",34," "," ","T",-90," "," ","T",-111," "," ","T",0," "," ","T",6," "," ","T",12," "," ","T",-66," "," ","T",5," "," ","T",-7," "," ","T",31," "," ","T",-34," "," ","T",-27," "," ","T",-13," "," ","T",32," "," ","T",-84," "," ","T",-6," "," ","T"
"215","USS0012L05S",2014,3,"PRCP",25," "," ","T",0," "," ","T",0," "," ","T",25," "," ","T",0," "," ","T",51," "," ","T",51," "," ","T",0," "," ","T",0," "," ","T",0," "," ","T",25," "," ","T",0," "," ","T",0," "," ","T",25," "," ","T",0," "," ","T",0," "," ","T",0," "," ","T",0," "," ","T",0," "," ","T",0," "," ","T",0," "," ","T",0," "," ","T",0," "," ","T",0," "," ","T",0," "," ","T",51," "," ","T",0," "," ","T",0," "," ","T",0," "," ","T",203," "," ","T",0," "," ","T"
"216","USS0012L05S",2014,3,"SNWD",432," "," ","T",406," "," ","T",406," "," ","T",406," "," ","T",406," "," ","T",432," "," ","T",483," "," ","T",457," "," ","T",432," "," ","T",432," "," ","T",457," "," ","T",432," "," ","T",432," "," ","T",432," "," ","T",406," "," ","T",406," "," ","T",406," "," ","T",406," "," ","T",406," "," ","T",381," "," ","T",381," "," ","T",381," "," ","T",356," "," ","T",330," "," ","T",305," "," ","T",356," "," ","T",330," "," ","T",330," "," ","T",305," "," ","T",406," "," ","T",381," "," ","T"
"217","USS0012L05S",2014,3,"TAVG",-17," "," ","T",-10," "," ","T",10," "," ","T",-6," "," ","T",12," "," ","T",31," "," ","T",-25," "," ","T",-11," "," ","T",42," "," ","T",35," "," ","T",-51," "," ","T",-37," "," ","T",-6," "," ","T",8," "," ","T",-12," "," ","T",36," "," ","T",2," "," ","T",-72," "," ","T",-24," "," ","T",20," "," ","T",30," "," ","T",-9," "," ","T",7," "," ","T",23," "," ","T",49," "," ","T",-2," "," ","T",-19," "," ","T",0," "," ","T",35," "," ","T",-13," "," ","T",-25," "," ","T"
"218","USS0012L05S",2014,3,"WESD",1499," "," ","T",1499," "," ","T",1499," "," ","T",1499," "," ","T",1499," "," ","T",1524," "," ","T",1600," "," ","T",1600," "," ","T",1600," "," ","T",1600," "," ","T",1651," "," ","T",1651," "," ","T",1651," "," ","T",1626," "," ","T",1626," "," ","T",1549," "," ","T",1499," "," ","T",1499," "," ","T",1499," "," ","T",1499," "," ","T",1499," "," ","T",1499," "," ","T",1499," "," ","T",1473," "," ","T",1448," "," ","T",1499," "," ","T",1499," "," ","T",1499," "," ","T",1473," "," ","T",1651," "," ","T",1651," "," ","T"
"219","USS0012L05S",2014,4,"TMAX",9," "," ","T",15," "," ","T",42," "," ","T",42," "," ","T",42," "," ","T",26," "," ","T",82," "," ","T",141," "," ","T",136," "," ","T",129," "," ","T",149," "," ","T",115," "," ","T",44," "," ","T",80," "," ","T",105," "," ","T",58," "," ","T",138," "," ","T",118," "," ","T",108," "," ","T",127," "," ","T",147," "," ","T",114," "," ","T",33," "," ","T",117," "," ","T",120," "," ","T",31," "," ","T",29," "," ","T",-2," "," ","T",30," "," ","T",52," "," ","T",NA," "," "," "
"220","USS0012L05S",2014,4,"TMIN",-53," "," ","T",-75," "," ","T",-70," "," ","T",-62," "," ","T",-44," "," ","T",-43," "," ","T",-16," "," ","T",-11," "," ","T",14," "," ","T",7," "," ","T",27," "," ","T",27," "," ","T",-50," "," ","T",-77," "," ","T",-16," "," ","T",-22," "," ","T",-24," "," ","T",31," "," ","T",26," "," ","T",20," "," ","T",27," "," ","T",-11," "," ","T",-39," "," ","T",-35," "," ","T",31," "," ","T",-29," "," ","T",-48," "," ","T",-44," "," ","T",-65," "," ","T",-48," "," ","T",NA," "," "," "
"221","USS0012L05S",2014,4,"TOBS",-51," "," ","T",-64," "," ","T",-43," "," ","T",-22," "," ","T",-31," "," ","T",3," "," ","T",0," "," ","T",42," "," ","T",68," "," ","T",56," "," ","T",65," "," ","T",41," "," ","T",-47," "," ","T",-10," "," ","T",29," "," ","T",-13," "," ","T",64," "," ","T",47," "," ","T",54," "," ","T",34," "," ","T",78," "," ","T",-10," "," ","T",-29," "," ","T",54," "," ","T",31," "," ","T",-28," "," ","T",-18," "," ","T",-45," "," ","T",-32," "," ","T",-7," "," ","T",NA," "," "," "
"222","USS0012L05S",2014,4,"PRCP",25," "," ","T",0," "," ","T",25," "," ","T",0," "," ","T",0," "," ","T",0," "," ","T",0," "," ","T",0," "," ","T",0," "," ","T",0," "," ","T",0," "," ","T",0," "," ","T",51," "," ","T",0," "," ","T",0," "," ","T",0," "," ","T",0," "," ","T",0," "," ","T",0," "," ","T",0," "," ","T",0," "," ","T",0," "," ","T",0," "," ","T",0," "," ","T",0," "," ","T",152," "," ","T",51," "," ","T",25," "," ","T",0," "," ","T",0," "," ","T",NA," "," "," "
"223","USS0012L05S",2014,4,"SNWD",406," "," ","T",381," "," ","T",381," "," ","T",381," "," ","T",381," "," ","T",356," "," ","T",330," "," ","T",279," "," ","T",229," "," ","T",178," "," ","T",152," "," ","T",102," "," ","T",152," "," ","T",127," "," ","T",76," "," ","T",51," "," ","T",25," "," ","T",0," "," ","T",0," "," ","T",0," "," ","T",0," "," ","T",0," "," ","T",0," "," ","T",0," "," ","T",0," "," ","T",102," "," ","T",51," "," ","T",76," "," ","T",51," "," ","T",25," "," ","T",NA," "," "," "
"224","USS0012L05S",2014,4,"TAVG",-29," "," ","T",-45," "," ","T",-32," "," ","T",-12," "," ","T",-14," "," ","T",-6," "," ","T",29," "," ","T",63," "," ","T",78," "," ","T",78," "," ","T",93," "," ","T",69," "," ","T",-13," "," ","T",5," "," ","T",55," "," ","T",17," "," ","T",65," "," ","T",75," "," ","T",59," "," ","T",68," "," ","T",93," "," ","T",75," "," ","T",-14," "," ","T",49," "," ","T",68," "," ","T",-1," "," ","T",-15," "," ","T",-27," "," ","T",-19," "," ","T",3," "," ","T",NA," "," "," "
"225","USS0012L05S",2014,4,"WESD",1702," "," ","T",1702," "," ","T",1727," "," ","T",1727," "," ","T",1727," "," ","T",1702," "," ","T",1524," "," ","T",1346," "," ","T",1194," "," ","T",965," "," ","T",762," "," ","T",610," "," ","T",660," "," ","T",610," "," ","T",381," "," ","T",254," "," ","T",127," "," ","T",0," "," ","T",0," "," ","T",0," "," ","T",0," "," ","T",0," "," ","T",0," "," ","T",0," "," ","T",0," "," ","T",178," "," ","T",203," "," ","T",229," "," ","T",203," "," ","T",76," "," ","T",NA," "," "," "
"226","USS0012L05S",2014,5,"TMAX",97," "," ","T",141," "," ","T",179," "," ","T",166," "," ","T",147," "," ","T",98," "," ","T",29," "," ","T",58," "," ","T",105," "," ","T",109," "," ","T",1," "," ","T",32," "," ","T",65," "," ","T",110," "," ","T",144," "," ","T",156," "," ","T",179," "," ","T",169," "," ","T",157," "," ","T",137," "," ","T",128," "," ","T",143," "," ","T",88," "," ","T",110," "," ","T",142," "," ","T",194," "," ","T",215," "," ","T",210," "," ","T",174," "," ","T",185," "," ","T",197," "," ","T"
"227","USS0012L05S",2014,5,"TMIN",-17," "," ","T",11," "," ","T",51," "," ","T",82," "," ","T",39," "," ","T",-13," "," ","T",-32," "," ","T",-22," "," ","T",22," "," ","T",-22," "," ","T",-38," "," ","T",-57," "," ","T",-56," "," ","T",-25," "," ","T",14," "," ","T",61," "," ","T",55," "," ","T",85," "," ","T",62," "," ","T",43," "," ","T",3," "," ","T",7," "," ","T",22," "," ","T",14," "," ","T",20," "," ","T",33," "," ","T",85," "," ","T",84," "," ","T",66," "," ","T",61," "," ","T",48," "," ","T"
"228","USS0012L05S",2014,5,"TOBS",31," "," ","T",52," "," ","T",97," "," ","T",91," "," ","T",63," "," ","T",-11," "," ","T",-14," "," ","T",29," "," ","T",47," "," ","T",-22," "," ","T",-17," "," ","T",-55," "," ","T",-14," "," ","T",27," "," ","T",80," "," ","T",86," "," ","T",103," "," ","T",86," "," ","T",67," "," ","T",42," "," ","T",28," "," ","T",61," "," ","T",30," "," ","T",22," "," ","T",48," "," ","T",89," "," ","T",100," "," ","T",108," "," ","T",74," "," ","T",69," "," ","T",111," "," ","T"
"229","USS0012L05S",2014,5,"PRCP",0," "," ","T",0," "," ","T",0," "," ","T",0," "," ","T",0," "," ","T",0," "," ","T",76," "," ","T",0," "," ","T",0," "," ","T",25," "," ","T",178," "," ","T",0," "," ","T",0," "," ","T",0," "," ","T",0," "," ","T",0," "," ","T",0," "," ","T",0," "," ","T",0," "," ","T",0," "," ","T",0," "," ","T",0," "," ","T",0," "," ","T",0," "," ","T",0," "," ","T",0," "," ","T",0," "," ","T",0," "," ","T",0," "," ","T",0," "," ","T",0," "," ","T"
"230","USS0012L05S",2014,5,"SNWD",0," "," ","T",0," "," ","T",0," "," ","T",0," "," ","T",0," "," ","T",0," "," ","T",51," "," ","T",25," "," ","T",0," "," ","T",0," "," ","T",76," "," ","T",25," "," ","T",0," "," ","T",0," "," ","T",0," "," ","T",0," "," ","T",0," "," ","T",0," "," ","T",0," "," ","T",0," "," ","T",0," "," ","T",0," "," ","T",0," "," ","T",0," "," ","T",0," "," ","T",0," "," ","T",0," "," ","T",0," "," ","T",0," "," ","T",0," "," ","T",0," "," ","T"
"231","USS0012L05S",2014,5,"TAVG",46," "," ","T",81," "," ","T",120," "," ","T",115," "," ","T",94," "," ","T",48," "," ","T",-9," "," ","T",17," "," ","T",60," "," ","T",51," "," ","T",-18," "," ","T",-10," "," ","T",7," "," ","T",46," "," ","T",86," "," ","T",119," "," ","T",128," "," ","T",123," "," ","T",103," "," ","T",90," "," ","T",64," "," ","T",85," "," ","T",53," "," ","T",49," "," ","T",83," "," ","T",119," "," ","T",153," "," ","T",147," "," ","T",128," "," ","T",116," "," ","T",130," "," ","T"
"232","USS0012L05S",2014,5,"WESD",0," "," ","T",0," "," ","T",0," "," ","T",0," "," ","T",0," "," ","T",0," "," ","T",102," "," ","T",51," "," ","T",0," "," ","T",0," "," ","T",127," "," ","T",51," "," ","T",0," "," ","T",0," "," ","T",0," "," ","T",0," "," ","T",0," "," ","T",0," "," ","T",0," "," ","T",0," "," ","T",0," "," ","T",0," "," ","T",0," "," ","T",0," "," ","T",0," "," ","T",0," "," ","T",0," "," ","T",0," "," ","T",0," "," ","T",0," "," ","T",0," "," ","T"
"233","USS0012L05S",2014,6,"TMAX",185," "," ","T",207," "," ","T",193," "," ","T",202," "," ","T",188," "," ","T",204," "," ","T",190," "," ","T",149," "," ","T",198," "," ","T",218," "," ","T",193," "," ","T",216," "," ","T",196," "," ","T",123," "," ","T",182," "," ","T",146," "," ","T",164," "," ","T",134," "," ","T",184," "," ","T",220," "," ","T",202," "," ","T",219," "," ","T",224," "," ","T",229," "," ","T",235," "," ","T",190," "," ","T",166," "," ","T",215," "," ","T",247," "," ","T",218," "," ","T",NA," "," "," "
"234","USS0012L05S",2014,6,"TMIN",45," "," ","T",56," "," ","T",74," "," ","T",53," "," ","T",62," "," ","T",64," "," ","T",73," "," ","T",43," "," ","T",30," "," ","T",81," "," ","T",89," "," ","T",99," "," ","T",62," "," ","T",39," "," ","T",45," "," ","T",59," "," ","T",6," "," ","T",1," "," ","T",10," "," ","T",68," "," ","T",107," "," ","T",94," "," ","T",82," "," ","T",112," "," ","T",81," "," ","T",45," "," ","T",40," "," ","T",45," "," ","T",96," "," ","T",97," "," ","T",NA," "," "," "
"235","USS0012L05S",2014,6,"TOBS",72," "," ","T",122," "," ","T",77," "," ","T",95," "," ","T",78," "," ","T",95," "," ","T",89," "," ","T",45," "," ","T",94," "," ","T",106," "," ","T",100," "," ","T",117," "," ","T",81," "," ","T",53," "," ","T",101," "," ","T",99," "," ","T",29," "," ","T",24," "," ","T",74," "," ","T",112," "," ","T",116," "," ","T",112," "," ","T",132," "," ","T",121," "," ","T",110," "," ","T",46," "," ","T",65," "," ","T",140," "," ","T",158," "," ","T",96," "," ","T",NA," "," "," "
"236","USS0012L05S",2014,6,"PRCP",0," "," ","T",0," "," ","T",0," "," ","T",0," "," ","T",0," "," ","T",0," "," ","T",0," "," ","T",0," "," ","T",0," "," ","T",0," "," ","T",0," "," ","T",0," "," ","T",0," "," ","T",0," "," ","T",0," "," ","T",0," "," ","T",0," "," ","T",0," "," ","T",0," "," ","T",0," "," ","T",0," "," ","T",0," "," ","T",0," "," ","T",0," "," ","T",0," "," ","T",0," "," ","T",0," "," ","T",0," "," ","T",0," "," ","T",0," "," ","T",NA," "," "," "
"237","USS0012L05S",2014,6,"SNWD",0," "," ","T",0," "," ","T",0," "," ","T",0," "," ","T",0," "," ","T",0," "," ","T",0," "," ","T",0," "," ","T",0," "," ","T",0," "," ","T",0," "," ","T",0," "," ","T",0," "," ","T",0," "," ","T",0," "," ","T",0," "," ","T",0," "," ","T",0," "," ","T",0," "," ","T",0," "," ","T",0," "," ","T",0," "," ","T",0," "," ","T",0," "," ","T",0," "," ","T",0," "," ","T",0," "," ","T",0," "," ","T",0," "," ","T",0," "," ","T",NA," "," "," "
"238","USS0012L05S",2014,6,"TAVG",120," "," ","T",141," "," ","T",133," "," ","T",133," "," ","T",129," "," ","T",134," "," ","T",130," "," ","T",105," "," ","T",119," "," ","T",156," "," ","T",138," "," ","T",153," "," ","T",140," "," ","T",78," "," ","T",122," "," ","T",108," "," ","T",81," "," ","T",66," "," ","T",104," "," ","T",144," "," ","T",153," "," ","T",154," "," ","T",153," "," ","T",169," "," ","T",166," "," ","T",126," "," ","T",104," "," ","T",139," "," ","T",179," "," ","T",165," "," ","T",NA," "," "," "
"239","USS0012L05S",2014,6,"WESD",0," "," ","T",0," "," ","T",0," "," ","T",0," "," ","T",0," "," ","T",0," "," ","T",0," "," ","T",0," "," ","T",0," "," ","T",0," "," ","T",0," "," ","T",0," "," ","T",0," "," ","T",0," "," ","T",0," "," ","T",0," "," ","T",0," "," ","T",0," "," ","T",0," "," ","T",0," "," ","T",0," "," ","T",0," "," ","T",0," "," ","T",0," "," ","T",0," "," ","T",0," "," ","T",0," "," ","T",0," "," ","T",0," "," ","T",0," "," ","T",NA," "," "," "
"240","USS0012L05S",2014,7,"TMAX",227," "," ","T",241," "," ","T",223," "," ","T",244," "," ","T",230," "," ","T",250," "," ","T",250," "," ","T",222," "," ","T",224," "," ","T",204," "," ","T",217," "," ","T",233," "," ","T",256," "," ","T",244," "," ","T",232," "," ","T",206," "," ","T",223," "," ","T",218," "," ","T",236," "," ","T",231," "," ","T",239," "," ","T",270," "," ","T",269," "," ","T",259," "," ","T",254," "," ","T",211," "," ","T",242," "," ","T",202," "," ","T",197," "," ","T",200," "," ","T",216," "," ","T"
"241","USS0012L05S",2014,7,"TMIN",78," "," ","T",112," "," ","T",103," "," ","T",98," "," ","T",115," "," ","T",105," "," ","T",122," "," ","T",114," "," ","T",115," "," ","T",89," "," ","T",79," "," ","T",100," "," ","T",120," "," ","T",108," "," ","T",109," "," ","T",111," "," ","T",86," "," ","T",128," "," ","T",117," "," ","T",111," "," ","T",80," "," ","T",93," "," ","T",127," "," ","T",123," "," ","T",121," "," ","T",114," "," ","T",108," "," ","T",100," "," ","T",87," "," ","T",84," "," ","T",86," "," ","T"
"242","USS0012L05S",2014,7,"TOBS",125," "," ","T",132," "," ","T",125," "," ","T",143," "," ","T",118," "," ","T",146," "," ","T",150," "," ","T",116," "," ","T",125," "," ","T",89," "," ","T",144," "," ","T",149," "," ","T",172," "," ","T",144," "," ","T",121," "," ","T",110," "," ","T",141," "," ","T",150," "," ","T",130," "," ","T",130," "," ","T",135," "," ","T",144," "," ","T",139," "," ","T",166," "," ","T",134," "," ","T",131," "," ","T",116," "," ","T",103," "," ","T",88," "," ","T",98," "," ","T",96," "," ","T"
"243","USS0012L05S",2014,7,"PRCP",0," "," ","T",0," "," ","T",0," "," ","T",0," "," ","T",0," "," ","T",0," "," ","T",0," "," ","T",0," "," ","T",25," "," ","T",0," "," ","T",0," "," ","T",0," "," ","T",0," "," ","T",127," "," ","T",25," "," ","T",0," "," ","T",0," "," ","T",0," "," ","T",0," "," ","T",0," "," ","T",0," "," ","T",0," "," ","T",0," "," ","T",0," "," ","T",25," "," ","T",51," "," ","T",0," "," ","T",51," "," ","T",25," "," ","T",0," "," ","T",51," "," ","T"
"244","USS0012L05S",2014,7,"SNWD",0," "," ","T",0," "," ","T",0," "," ","T",0," "," ","T",0," "," ","T",0," "," ","T",0," "," ","T",0," "," ","T",0," "," ","T",0," "," ","T",0," "," ","T",0," "," ","T",0," "," ","T",0," "," ","T",0," "," ","T",0," "," ","T",0," "," ","T",0," "," ","T",0," "," ","T",0," "," ","T",0," "," ","T",0," "," ","T",0," "," ","T",0," "," ","T",0," "," ","T",0," "," ","T",0," "," ","T",0," "," ","T",0," "," ","T",0," "," ","T",0," "," ","T"
"245","USS0012L05S",2014,7,"TAVG",156," "," ","T",171," "," ","T",156," "," ","T",167," "," ","T",162," "," ","T",173," "," ","T",176," "," ","T",162," "," ","T",154," "," ","T",134," "," ","T",143," "," ","T",170," "," ","T",191," "," ","T",173," "," ","T",152," "," ","T",163," "," ","T",157," "," ","T",170," "," ","T",174," "," ","T",172," "," ","T",160," "," ","T",183," "," ","T",193," "," ","T",189," "," ","T",182," "," ","T",148," "," ","T",164," "," ","T",136," "," ","T",127," "," ","T",134," "," ","T",143," "," ","T"
"246","USS0012L05S",2014,7,"WESD",0," "," ","T",0," "," ","T",0," "," ","T",0," "," ","T",0," "," ","T",0," "," ","T",0," "," ","T",0," "," ","T",0," "," ","T",0," "," ","T",0," "," ","T",0," "," ","T",0," "," ","T",0," "," ","T",0," "," ","T",0," "," ","T",0," "," ","T",0," "," ","T",0," "," ","T",0," "," ","T",0," "," ","T",0," "," ","T",0," "," ","T",0," "," ","T",0," "," ","T",0," "," ","T",0," "," ","T",0," "," ","T",0," "," ","T",0," "," ","T",0," "," ","T"
"247","USS0012L05S",2014,8,"TMAX",203," "," ","T",212," "," ","T",142," "," ","T",172," "," ","T",202," "," ","T",217," "," ","T",208," "," ","T",196," "," ","T",218," "," ","T",227," "," ","T",231," "," ","T",178," "," ","T",128," "," ","T",218," "," ","T",223," "," ","T",240," "," ","T",251," "," ","T",239," "," ","T",137," "," ","T",156," "," ","T",191," "," ","T",185," "," ","T",137," "," ","T",185," "," ","T",187," "," ","T",160," "," ","T",136," "," ","T",172," "," ","T",211," "," ","T",207," "," ","T",177," "," ","T"
"248","USS0012L05S",2014,8,"TMIN",79," "," ","T",107," "," ","T",103," "," ","T",84," "," ","T",77," "," ","T",78," "," ","T",77," "," ","T",75," "," ","T",89," "," ","T",92," "," ","T",94," "," ","T",99," "," ","T",93," "," ","T",81," "," ","T",82," "," ","T",97," "," ","T",105," "," ","T",92," "," ","T",77," "," ","T",55," "," ","T",71," "," ","T",57," "," ","T",58," "," ","T",60," "," ","T",62," "," ","T",57," "," ","T",34," "," ","T",54," "," ","T",63," "," ","T",92," "," ","T",87," "," ","T"
"249","USS0012L05S",2014,8,"TOBS",110," "," ","T",128," "," ","T",106," "," ","T",96," "," ","T",95," "," ","T",109," "," ","T",99," "," ","T",99," "," ","T",96," "," ","T",103," "," ","T",140," "," ","T",107," "," ","T",95," "," ","T",122," "," ","T",117," "," ","T",132," "," ","T",146," "," ","T",99," "," ","T",85," "," ","T",86," "," ","T",91," "," ","T",60," "," ","T",69," "," ","T",83," "," ","T",85," "," ","T",57," "," ","T",59," "," ","T",76," "," ","T",100," "," ","T",145," "," ","T",88," "," ","T"
"250","USS0012L05S",2014,8,"PRCP",0," "," ","T",25," "," ","T",102," "," ","T",0," "," ","T",0," "," ","T",0," "," ","T",0," "," ","T",0," "," ","T",0," "," ","T",0," "," ","T",0," "," ","T",51," "," ","T",25," "," ","T",0," "," ","T",0," "," ","T",0," "," ","T",0," "," ","T",25," "," ","T",127," "," ","T",0," "," ","T",0," "," ","T",76," "," ","T",51," "," ","T",0," "," ","T",25," "," ","T",25," "," ","T",0," "," ","T",0," "," ","T",0," "," ","T",0," "," ","T",0," "," ","T"
"251","USS0012L05S",2014,8,"SNWD",0," "," ","T",0," "," ","T",0," "," ","T",0," "," ","T",0," "," ","T",0," "," ","T",0," "," ","T",0," "," ","T",0," "," ","T",0," "," ","T",0," "," ","T",0," "," ","T",0," "," ","T",0," "," ","T",0," "," ","T",0," "," ","T",0," "," ","T",0," "," ","T",0," "," ","T",0," "," ","T",0," "," ","T",0," "," ","T",0," "," ","T",0," "," ","T",0," "," ","T",0," "," ","T",0," "," ","T",0," "," ","T",0," "," ","T",0," "," ","T",0," "," ","T"
"252","USS0012L05S",2014,8,"TAVG",147," "," ","T",145," "," ","T",117," "," ","T",122," "," ","T",135," "," ","T",144," "," ","T",140," "," ","T",143," "," ","T",146," "," ","T",138," "," ","T",153," "," ","T",131," "," ","T",111," "," ","T",147," "," ","T",153," "," ","T",168," "," ","T",176," "," ","T",155," "," ","T",103," "," ","T",105," "," ","T",117," "," ","T",115," "," ","T",91," "," ","T",122," "," ","T",120," "," ","T",96," "," ","T",86," "," ","T",111," "," ","T",134," "," ","T",150," "," ","T",139," "," ","T"
"253","USS0012L05S",2014,8,"WESD",0," "," ","T",0," "," ","T",0," "," ","T",0," "," ","T",0," "," ","T",0," "," ","T",0," "," ","T",0," "," ","T",0," "," ","T",0," "," ","T",0," "," ","T",0," "," ","T",0," "," ","T",0," "," ","T",0," "," ","T",0," "," ","T",0," "," ","T",0," "," ","T",0," "," ","T",0," "," ","T",0," "," ","T",0," "," ","T",0," "," ","T",0," "," ","T",0," "," ","T",0," "," ","T",0," "," ","T",0," "," ","T",0," "," ","T",0," "," ","T",0," "," ","T"
"254","USS0012L05S",2014,9,"TMAX",197," "," ","T",233," "," ","T",227," "," ","T",201," "," ","T",202," "," ","T",210," "," ","T",210," "," ","T",162," "," ","T",151," "," ","T",157," "," ","T",171," "," ","T",179," "," ","T",198," "," ","T",207," "," ","T",222," "," ","T",227," "," ","T",222," "," ","T",212," "," ","T",191," "," ","T",204," "," ","T",127," "," ","T",160," "," ","T",186," "," ","T",203," "," ","T",202," "," ","T",190," "," ","T",116," "," ","T",89," "," ","T",81," "," ","T",109," "," ","T",NA," "," "," "
"255","USS0012L05S",2014,9,"TMIN",73," "," ","T",91," "," ","T",106," "," ","T",89," "," ","T",74," "," ","T",73," "," ","T",92," "," ","T",88," "," ","T",50," "," ","T",40," "," ","T",62," "," ","T",50," "," ","T",67," "," ","T",80," "," ","T",96," "," ","T",102," "," ","T",96," "," ","T",93," "," ","T",86," "," ","T",93," "," ","T",77," "," ","T",73," "," ","T",60," "," ","T",76," "," ","T",79," "," ","T",71," "," ","T",40," "," ","T",4," "," ","T",13," "," ","T",16," "," ","T",NA," "," "," "
"256","USS0012L05S",2014,9,"TOBS",108," "," ","T",134," "," ","T",126," "," ","T",111," "," ","T",81," "," ","T",108," "," ","T",114," "," ","T",96," "," ","T",53," "," ","T",71," "," ","T",70," "," ","T",76," "," ","T",100," "," ","T",106," "," ","T",116," "," ","T",119," "," ","T",105," "," ","T",122," "," ","T",122," "," ","T",99," "," ","T",78," "," ","T",77," "," ","T",82," "," ","T",89," "," ","T",123," "," ","T",94," "," ","T",46," "," ","T",16," "," ","T",42," "," ","T",44," "," ","T",NA," "," "," "
"257","USS0012L05S",2014,9,"PRCP",0," "," ","T",0," "," ","T",0," "," ","T",0," "," ","T",51," "," ","T",0," "," ","T",51," "," ","T",76," "," ","T",76," "," ","T",0," "," ","T",0," "," ","T",0," "," ","T",0," "," ","T",0," "," ","T",0," "," ","T",0," "," ","T",0," "," ","T",0," "," ","T",0," "," ","T",0," "," ","T",254," "," ","T",25," "," ","T",0," "," ","T",0," "," ","T",0," "," ","T",0," "," ","T",305," "," ","T",51," "," ","T",0," "," ","T",25," "," ","T",NA," "," "," "
"258","USS0012L05S",2014,9,"SNWD",0," "," ","T",0," "," ","T",0," "," ","T",0," "," ","T",0," "," ","T",0," "," ","T",0," "," ","T",0," "," ","T",0," "," ","T",0," "," ","T",0," "," ","T",0," "," ","T",0," "," ","T",0," "," ","T",0," "," ","T",0," "," ","T",0," "," ","T",0," "," ","T",0," "," ","T",0," "," ","T",0," "," ","T",0," "," ","T",0," "," ","T",0," "," ","T",0," "," ","T",0," "," ","T",0," "," ","T",0," "," ","T",0," "," ","T",0," "," ","T",NA," "," "," "
"259","USS0012L05S",2014,9,"TAVG",137," "," ","T",161," "," ","T",162," "," ","T",143," "," ","T",120," "," ","T",136," "," ","T",134," "," ","T",113," "," ","T",94," "," ","T",102," "," ","T",112," "," ","T",118," "," ","T",128," "," ","T",141," "," ","T",148," "," ","T",153," "," ","T",150," "," ","T",145," "," ","T",139," "," ","T",144," "," ","T",93," "," ","T",109," "," ","T",120," "," ","T",132," "," ","T",139," "," ","T",126," "," ","T",72," "," ","T",36," "," ","T",42," "," ","T",61," "," ","T",NA," "," "," "
"260","USS0012L05S",2014,9,"WESD",0," "," ","T",0," "," ","T",0," "," ","T",0," "," ","T",0," "," ","T",0," "," ","T",0," "," ","T",0," "," ","T",0," "," ","T",0," "," ","T",0," "," ","T",0," "," ","T",0," "," ","T",0," "," ","T",0," "," ","T",0," "," ","T",0," "," ","T",0," "," ","T",0," "," ","T",0," "," ","T",0," "," ","T",0," "," ","T",0," "," ","T",0," "," ","T",0," "," ","T",0," "," ","T",0," "," ","T",0," "," ","T",0," "," ","T",0," "," ","T",NA," "," "," "
"261","USS0012L05S",2014,10,"TMAX",44," "," ","T",121," "," ","T",139," "," ","T",158," "," ","T",151," "," ","T",169," "," ","T",164," "," ","T",153," "," ","T",142," "," ","T",149," "," ","T",132," "," ","T",81," "," ","T",121," "," ","T",167," "," ","T",157," "," ","T",152," "," ","T",160," "," ","T",135," "," ","T",140," "," ","T",136," "," ","T",131," "," ","T",128," "," ","T",156," "," ","T",168," "," ","T",153," "," ","T",120," "," ","T",68," "," ","T",106," "," ","T",137," "," ","T",151," "," ","T",136," "," ","T"
"262","USS0012L05S",2014,10,"TMIN",-33," "," ","T",-36," "," ","T",12," "," ","T",22," "," ","T",21," "," ","T",30," "," ","T",50," "," ","T",61," "," ","T",35," "," ","T",30," "," ","T",31," "," ","T",-13," "," ","T",-27," "," ","T",22," "," ","T",40," "," ","T",22," "," ","T",28," "," ","T",38," "," ","T",29," "," ","T",34," "," ","T",19," "," ","T",13," "," ","T",25," "," ","T",32," "," ","T",47," "," ","T",1," "," ","T",-45," "," ","T",-19," "," ","T",6," "," ","T",23," "," ","T",42," "," ","T"
"263","USS0012L05S",2014,10,"TOBS",-28," "," ","T",24," "," ","T",34," "," ","T",63," "," ","T",48," "," ","T",53," "," ","T",83," "," ","T",64," "," ","T",43," "," ","T",53," "," ","T",78," "," ","T",-11," "," ","T",38," "," ","T",51," "," ","T",66," "," ","T",42," "," ","T",58," "," ","T",48," "," ","T",45," "," ","T",64," "," ","T",43," "," ","T",41," "," ","T",85," "," ","T",61," "," ","T",63," "," ","T",2," "," ","T",-2," "," ","T",16," "," ","T",43," "," ","T",76," "," ","T",73," "," ","T"
"264","USS0012L05S",2014,10,"PRCP",51," "," ","T",0," "," ","T",0," "," ","T",0," "," ","T",0," "," ","T",0," "," ","T",0," "," ","T",0," "," ","T",0," "," ","T",0," "," ","T",0," "," ","T",0," "," ","T",0," "," ","T",0," "," ","T",0," "," ","T",0," "," ","T",0," "," ","T",0," "," ","T",0," "," ","T",0," "," ","T",0," "," ","T",25," "," ","T",0," "," ","T",0," "," ","T",0," "," ","T",0," "," ","T",0," "," ","T",0," "," ","T",0," "," ","T",0," "," ","T",0," "," ","T"
"265","USS0012L05S",2014,10,"SNWD",0," "," ","T",0," "," ","T",0," "," ","T",0," "," ","T",0," "," ","T",0," "," ","T",0," "," ","T",0," "," ","T",0," "," ","T",0," "," ","T",0," "," ","T",0," "," ","T",0," "," ","T",0," "," ","T",0," "," ","T",0," "," ","T",0," "," ","T",0," "," ","T",0," "," ","T",0," "," ","T",0," "," ","T",0," "," ","T",0," "," ","T",0," "," ","T",0," "," ","T",0," "," ","T",0," "," ","T",0," "," ","T",0," "," ","T",0," "," ","T",0," "," ","T"
"266","USS0012L05S",2014,10,"TAVG",11," "," ","T",41," "," ","T",72," "," ","T",79," "," ","T",81," "," ","T",92," "," ","T",101," "," ","T",98," "," ","T",82," "," ","T",90," "," ","T",85," "," ","T",26," "," ","T",43," "," ","T",85," "," ","T",92," "," ","T",82," "," ","T",89," "," ","T",81," "," ","T",81," "," ","T",75," "," ","T",75," "," ","T",66," "," ","T",93," "," ","T",102," "," ","T",99," "," ","T",67," "," ","T",13," "," ","T",43," "," ","T",65," "," ","T",77," "," ","T",83," "," ","T"
"267","USS0012L05S",2014,10,"WESD",0," "," ","T",0," "," ","T",0," "," ","T",0," "," ","T",0," "," ","T",0," "," ","T",0," "," ","T",0," "," ","T",0," "," ","T",0," "," ","T",0," "," ","T",0," "," ","T",0," "," ","T",0," "," ","T",0," "," ","T",0," "," ","T",0," "," ","T",0," "," ","T",0," "," ","T",0," "," ","T",0," "," ","T",0," "," ","T",0," "," ","T",0," "," ","T",0," "," ","T",0," "," ","T",0," "," ","T",0," "," ","T",0," "," ","T",0," "," ","T",0," "," ","T"
"268","USS0012L05S",2014,11,"TMAX",93," "," ","T",32," "," ","T",-8," "," ","T",71," "," ","T",103," "," ","T",142," "," ","T",118," "," ","T",127," "," ","T",136," "," ","T",76," "," ","T",88," "," ","T",48," "," ","T",52," "," ","T",44," "," ","T",8," "," ","T",-24," "," ","T",7," "," ","T",47," "," ","T",77," "," ","T",53," "," ","T",60," "," ","T",49," "," ","T",-38," "," ","T",-44," "," ","T",33," "," ","T",75," "," ","T",112," "," ","T",104," "," ","T",72," "," ","T",56," "," ","T",NA," "," "," "
"269","USS0012L05S",2014,11,"TMIN",-6," "," ","T",-53," "," ","T",-80," "," ","T",-74," "," ","T",-17," "," ","T",8," "," ","T",5," "," ","T",-3," "," ","T",11," "," ","T",-23," "," ","T",-2," "," ","T",-15," "," ","T",-6," "," ","T",-5," "," ","T",-131," "," ","T",-164," "," ","T",-110," "," ","T",-90," "," ","T",-49," "," ","T",-37," "," ","T",-35," "," ","T",-43," "," ","T",-87," "," ","T",-114," "," ","T",-108," "," ","T",-7," "," ","T",2," "," ","T",19," "," ","T",-20," "," ","T",-40," "," ","T",NA," "," "," "
"270","USS0012L05S",2014,11,"TOBS",-6," "," ","T",-53," "," ","T",-63," "," ","T",2," "," ","T",22," "," ","T",33," "," ","T",8," "," ","T",22," "," ","T",55," "," ","T",3," "," ","T",20," "," ","T",-6," "," ","T",8," "," ","T",2," "," ","T",-130," "," ","T",-88," "," ","T",-75," "," ","T",-41," "," ","T",1," "," ","T",-32," "," ","T",-18," "," ","T",-40," "," ","T",-68," "," ","T",-105," "," ","T",15," "," ","T",12," "," ","T",30," "," ","T",41," "," ","T",26," "," ","T",-37," "," ","T",NA," "," "," "
"271","USS0012L05S",2014,11,"PRCP",25," "," ","T",51," "," ","T",51," "," ","T",0," "," ","T",0," "," ","T",0," "," ","T",0," "," ","T",0," "," ","T",0," "," ","T",0," "," ","T",0," "," ","T",0," "," ","T",76," "," ","T",102," "," ","T",0," "," ","T",0," "," ","T",0," "," ","T",0," "," ","T",0," "," ","T",0," "," ","T",0," "," ","T",102," "," ","T",25," "," ","T",0," "," ","T",25," "," ","T",0," "," ","T",0," "," ","T",0," "," ","T",0," "," ","T",0," "," ","T",NA," "," "," "
"272","USS0012L05S",2014,11,"SNWD",0," "," ","T",25," "," ","T",25," "," ","T",0," "," ","T",0," "," ","T",0," "," ","T",0," "," ","T",0," "," ","T",0," "," ","T",0," "," ","T",0," "," ","T",0," "," ","T",51," "," ","T",152," "," ","T",152," "," ","T",127," "," ","T",102," "," ","T",102," "," ","T",102," "," ","T",102," "," ","T",102," "," ","T",178," "," ","T",102," "," ","T",102," "," ","T",127," "," ","T",127," "," ","T",102," "," ","T",76," "," ","T",76," "," ","T",76," "," ","T",NA," "," "," "
"273","USS0012L05S",2014,11,"TAVG",46," "," ","T",-18," "," ","T",-49," "," ","T",4," "," ","T",38," "," ","T",63," "," ","T",62," "," ","T",56," "," ","T",71," "," ","T",19," "," ","T",38," "," ","T",11," "," ","T",15," "," ","T",10," "," ","T",-33," "," ","T",-98," "," ","T",-56," "," ","T",-23," "," ","T",8," "," ","T",6," "," ","T",5," "," ","T",6," "," ","T",-70," "," ","T",-69," "," ","T",-1," "," ","T",29," "," ","T",57," "," ","T",62," "," ","T",33," "," ","T",18," "," ","T",NA," "," "," "
"274","USS0012L05S",2014,11,"WESD",0," "," ","T",51," "," ","T",51," "," ","T",0," "," ","T",0," "," ","T",0," "," ","T",0," "," ","T",0," "," ","T",0," "," ","T",0," "," ","T",0," "," ","T",0," "," ","T",76," "," ","T",178," "," ","T",178," "," ","T",178," "," ","T",178," "," ","T",178," "," ","T",178," "," ","T",178," "," ","T",178," "," ","T",254," "," ","T",279," "," ","T",279," "," ","T",305," "," ","T",305," "," ","T",305," "," ","T",305," "," ","T",305," "," ","T",305," "," ","T",NA," "," "," "
"275","USS0012L05S",2014,12,"TMAX",63," "," ","T",69," "," ","T",48," "," ","T",59," "," ","T",50," "," ","T",51," "," ","T",73," "," ","T",74," "," ","T",80," "," ","T",77," "," ","T",58," "," ","T",49," "," ","T",13," "," ","T",-45," "," ","T",17," "," ","T",17," "," ","T",-8," "," ","T",5," "," ","T",27," "," ","T",40," "," ","T",32," "," ","T",20," "," ","T",-29," "," ","T",54," "," ","T",-25," "," ","T",-90," "," ","T",-66," "," ","T",-26," "," ","T",-77," "," ","T",-98," "," ","T",-74," "," ","T"
"276","USS0012L05S",2014,12,"TMIN",-48," "," ","T",-23," "," ","T",-15," "," ","T",-27," "," ","T",-36," "," ","T",-28," "," ","T",-40," "," ","T",-18," "," ","T",-32," "," ","T",-21," "," ","T",-20," "," ","T",-18," "," ","T",-58," "," ","T",-136," "," ","T",-134," "," ","T",-72," "," ","T",-90," "," ","T",-102," "," ","T",-106," "," ","T",-68," "," ","T",-41," "," ","T",-76," "," ","T",-101," "," ","T",-85," "," ","T",-111," "," ","T",-183," "," ","T",-206," "," ","T",-121," "," ","T",-143," "," ","T",-189," "," ","T",-183," "," ","T"
"277","USS0012L05S",2014,12,"TOBS",7," "," ","T",-12," "," ","T",16," "," ","T",-21," "," ","T",-5," "," ","T",-25," "," ","T",-6," "," ","T",-9," "," ","T",-17," "," ","T",-6," "," ","T",21," "," ","T",-19," "," ","T",-58," "," ","T",-130," "," ","T",-51," "," ","T",-48," "," ","T",-66," "," ","T",-93," "," ","T",-23," "," ","T",-38," "," ","T",19," "," ","T",-76," "," ","T",-78," "," ","T",-26," "," ","T",-110," "," ","T",-169," "," ","T",-113," "," ","T",-77," "," ","T",-131," "," ","T",-143," "," ","T",-97," "," ","T"
"278","USS0012L05S",2014,12,"PRCP",0," "," ","T",76," "," ","T",25," "," ","T",25," "," ","T",0," "," ","T",0," "," ","T",0," "," ","T",0," "," ","T",0," "," ","T",0," "," ","T",0," "," ","T",25," "," ","T",51," "," ","T",0," "," ","T",0," "," ","T",0," "," ","T",51," "," ","T",0," "," ","T",0," "," ","T",25," "," ","T",127," "," ","T",203," "," ","T",0," "," ","T",0," "," ","T",102," "," ","T",25," "," ","T",0," "," ","T",0," "," ","T",51," "," ","T",25," "," ","T",0," "," ","T"
"279","USS0012L05S",2014,12,"SNWD",76," "," ","T",152," "," ","T",127," "," ","T",152," "," ","T",127," "," ","T",127," "," ","T",127," "," ","T",127," "," ","T",127," "," ","T",127," "," ","T",127," "," ","T",127," "," ","T",203," "," ","T",203," "," ","T",178," "," ","T",178," "," ","T",203," "," ","T",203," "," ","T",203," "," ","T",229," "," ","T",279," "," ","T",305," "," ","T",305," "," ","T",305," "," ","T",406," "," ","T",381," "," ","T",381," "," ","T",381," "," ","T",406," "," ","T",432," "," ","T",432," "," ","T"
"280","USS0012L05S",2014,12,"TAVG",4," "," ","T",16," "," ","T",13," "," ","T",12," "," ","T",2," "," ","T",7," "," ","T",10," "," ","T",18," "," ","T",17," "," ","T",21," "," ","T",17," "," ","T",15," "," ","T",-33," "," ","T",-81," "," ","T",-56," "," ","T",-34," "," ","T",-42," "," ","T",-54," "," ","T",-39," "," ","T",-21," "," ","T",15," "," ","T",-14," "," ","T",-71," "," ","T",-8," "," ","T",-86," "," ","T",-123," "," ","T",-121," "," ","T",-50," "," ","T",-107," "," ","T",-141," "," ","T",-121," "," ","T"
"281","USS0012L05S",2014,12,"WESD",305," "," ","T",406," "," ","T",432," "," ","T",457," "," ","T",457," "," ","T",457," "," ","T",457," "," ","T",457," "," ","T",457," "," ","T",457," "," ","T",457," "," ","T",483," "," ","T",533," "," ","T",533," "," ","T",533," "," ","T",533," "," ","T",584," "," ","T",584," "," ","T",584," "," ","T",610," "," ","T",762," "," ","T",864," "," ","T",864," "," ","T",864," "," ","T",965," "," ","T",991," "," ","T",991," "," ","T",991," "," ","T",1016," "," ","T",1041," "," ","T",1041," "," ","T"
"282","USS0012L05S",2015,1,"TMAX",-22," "," ","T",3," "," ","T",-4," "," ","T",49," "," ","T",76," "," ","T",105," "," ","T",117," "," ","T",114," "," ","T",82," "," ","T",69," "," ","T",37," "," ","T",12," "," ","T",-19," "," ","T",27," "," ","T",85," "," ","T",75," "," ","T",79," "," ","T",83," "," ","T",80," "," ","T",29," "," ","T",3," "," ","T",17," "," ","T",26," "," ","T",68," "," ","T",108," "," ","T",93," "," ","T",44," "," ","T",45," "," ","T",15," "," ","T",6," "," ","T",25," "," ","T"
"283","USS0012L05S",2015,1,"TMIN",-114," "," ","T",-120," "," ","T",-99," "," ","T",-98," "," ","T",-47," "," ","T",-12," "," ","T",-3," "," ","T",-4," "," ","T",-19," "," ","T",-23," "," ","T",-34," "," ","T",-50," "," ","T",-85," "," ","T",-94," "," ","T",-57," "," ","T",-29," "," ","T",-62," "," ","T",-20," "," ","T",-35," "," ","T",-68," "," ","T",-135," "," ","T",-146," "," ","T",-75," "," ","T",-69," "," ","T",-20," "," ","T",2," "," ","T",-22," "," ","T",-46," "," ","T",-30," "," ","T",-24," "," ","T",-77," "," ","T"
"284","USS0012L05S",2015,1,"TOBS",-66," "," ","T",-44," "," ","T",-96," "," ","T",-41," "," ","T",23," "," ","T",14," "," ","T",24," "," ","T",-3," "," ","T",7," "," ","T",1," "," ","T",-30," "," ","T",-48," "," ","T",-62," "," ","T",-41," "," ","T",-24," "," ","T",1," "," ","T",-10," "," ","T",33," "," ","T",-29," "," ","T",-55," "," ","T",-135," "," ","T",-50," "," ","T",-53," "," ","T",-18," "," ","T",27," "," ","T",11," "," ","T",-17," "," ","T",-28," "," ","T",-14," "," ","T",-24," "," ","T",-27," "," ","T"
"285","USS0012L05S",2015,1,"PRCP",0," "," ","T",25," "," ","T",0," "," ","T",0," "," ","T",0," "," ","T",25," "," ","T",0," "," ","T",0," "," ","T",0," "," ","T",0," "," ","T",0," "," ","T",76," "," ","T",0," "," ","T",0," "," ","T",0," "," ","T",0," "," ","T",0," "," ","T",0," "," ","T",0," "," ","T",0," "," ","T",0," "," ","T",0," "," ","T",0," "," ","T",0," "," ","T",0," "," ","T",0," "," ","T",25," "," ","T",0," "," ","T",51," "," ","T",127," "," ","T",0," "," ","T"
"286","USS0012L05S",2015,1,"SNWD",432," "," ","T",432," "," ","T",406," "," ","T",406," "," ","T",381," "," ","T",381," "," ","T",356," "," ","T",356," "," ","T",356," "," ","T",356," "," ","T",356," "," ","T",432," "," ","T",432," "," ","T",432," "," ","T",432," "," ","T",432," "," ","T",432," "," ","T",432," "," ","T",406," "," ","T",406," "," ","T",406," "," ","T",406," "," ","T",406," "," ","T",406," "," ","T",406," "," ","T",381," "," ","T",406," "," ","T",406," "," ","T",406," "," ","T",559," "," ","T",559," "," ","T"
"287","USS0012L05S",2015,1,"TAVG",-75," "," ","T",-50," "," ","T",-35," "," ","T",-24," "," ","T",20," "," ","T",40," "," ","T",47," "," ","T",40," "," ","T",23," "," ","T",12," "," ","T",1," "," ","T",-20," "," ","T",-42," "," ","T",-31," "," ","T",9," "," ","T",25," "," ","T",5," "," ","T",31," "," ","T",16," "," ","T",-25," "," ","T",-62," "," ","T",-49," "," ","T",-31," "," ","T",2," "," ","T",54," "," ","T",40," "," ","T",10," "," ","T",-5," "," ","T",-11," "," ","T",-14," "," ","T",-24," "," ","T"
"288","USS0012L05S",2015,1,"WESD",1041," "," ","T",1067," "," ","T",1067," "," ","T",1067," "," ","T",1092," "," ","T",1118," "," ","T",1118," "," ","T",1118," "," ","T",1118," "," ","T",1118," "," ","T",1118," "," ","T",1168," "," ","T",1168," "," ","T",1168," "," ","T",1168," "," ","T",1168," "," ","T",1168," "," ","T",1168," "," ","T",1168," "," ","T",1168," "," ","T",1168," "," ","T",1168," "," ","T",1168," "," ","T",1168," "," ","T",1168," "," ","T",1168," "," ","T",1194," "," ","T",1194," "," ","T",1245," "," ","T",1397," "," ","T",1397," "," ","T"
"289","USS0012L05S",2015,2,"TMAX",49," "," ","T",66," "," ","T",59," "," ","T",69," "," ","T",105," "," ","T",100," "," ","T",96," "," ","T",101," "," ","T",87," "," ","T",37," "," ","T",49," "," ","T",113," "," ","T",137," "," ","T",142," "," ","T",56," "," ","T",1," "," ","T",41," "," ","T",105," "," ","T",95," "," ","T",40," "," ","T",-5," "," ","T",-19," "," ","T",19," "," ","T",21," "," ","T",15," "," ","T",-6," "," ","T",20," "," ","T",-16," "," ","T",NA," "," "," ",NA," "," "," ",NA," "," "," "
"290","USS0012L05S",2015,2,"TMIN",-82," "," ","T",-20," "," ","T",-14," "," ","T",2," "," ","T",1," "," ","T",7," "," ","T",6," "," ","T",-12," "," ","T",0," "," ","T",-52," "," ","T",-62," "," ","T",-34," "," ","T",2," "," ","T",15," "," ","T",-19," "," ","T",-91," "," ","T",-103," "," ","T",-40," "," ","T",-11," "," ","T",-38," "," ","T",-64," "," ","T",-92," "," ","T",-101," "," ","T",-91," "," ","T",-63," "," ","T",-74," "," ","T",-122," "," ","T",-80," "," ","T",NA," "," "," ",NA," "," "," ",NA," "," "," "
"291","USS0012L05S",2015,2,"TOBS",7," "," ","T",24," "," ","T",27," "," ","T",23," "," ","T",44," "," ","T",43," "," ","T",33," "," ","T",10," "," ","T",17," "," ","T",-34," "," ","T",-30," "," ","T",4," "," ","T",30," "," ","T",31," "," ","T",-16," "," ","T",-91," "," ","T",-19," "," ","T",3," "," ","T",36," "," ","T",-36," "," ","T",-58," "," ","T",-92," "," ","T",-91," "," ","T",-15," "," ","T",-64," "," ","T",-69," "," ","T",-62," "," ","T",-65," "," ","T",NA," "," "," ",NA," "," "," ",NA," "," "," "
"292","USS0012L05S",2015,2,"PRCP",0," "," ","T",0," "," ","T",0," "," ","T",0," "," ","T",0," "," ","T",0," "," ","T",0," "," ","T",0," "," ","T",0," "," ","T",0," "," ","T",0," "," ","T",0," "," ","T",0," "," ","T",0," "," ","T",0," "," ","T",0," "," ","T",0," "," ","T",0," "," ","T",0," "," ","T",0," "," ","T",0," "," ","T",102," "," ","T",51," "," ","T",0," "," ","T",0," "," ","T",0," "," ","T",0," "," ","T",152," "," ","T",NA," "," "," ",NA," "," "," ",NA," "," "," "
"293","USS0012L05S",2015,2,"SNWD",533," "," ","T",508," "," ","T",483," "," ","T",483," "," ","T",457," "," ","T",457," "," ","T",432," "," ","T",432," "," ","T",406," "," ","T",406," "," ","T",406," "," ","T",406," "," ","T",381," "," ","T",381," "," ","T",381," "," ","T",381," "," ","T",381," "," ","T",356," "," ","T",356," "," ","T",356," "," ","T",356," "," ","T",533," "," ","T",559," "," ","T",508," "," ","T",508," "," ","T",508," "," ","T",483," "," ","T",660," "," ","T",NA," "," "," ",NA," "," "," ",NA," "," "," "
"294","USS0012L05S",2015,2,"TAVG",-12," "," ","T",20," "," ","T",26," "," ","T",32," "," ","T",49," "," ","T",50," "," ","T",53," "," ","T",42," "," ","T",44," "," ","T",-8," "," ","T",-6," "," ","T",32," "," ","T",59," "," ","T",69," "," ","T",16," "," ","T",-31," "," ","T",-29," "," ","T",24," "," ","T",40," "," ","T",9," "," ","T",-37," "," ","T",-59," "," ","T",-66," "," ","T",-33," "," ","T",-10," "," ","T",-45," "," ","T",-56," "," ","T",-54," "," ","T",NA," "," "," ",NA," "," "," ",NA," "," "," "
"295","USS0012L05S",2015,2,"WESD",1397," "," ","T",1397," "," ","T",1397," "," ","T",1397," "," ","T",1397," "," ","T",1397," "," ","T",1397," "," ","T",1397," "," ","T",1397," "," ","T",1397," "," ","T",1397," "," ","T",1397," "," ","T",1372," "," ","T",1372," "," ","T",1372," "," ","T",1372," "," ","T",1346," "," ","T",1321," "," ","T",1321," "," ","T",1295," "," ","T",1295," "," ","T",1397," "," ","T",1448," "," ","T",1448," "," ","T",1448," "," ","T",1448," "," ","T",1448," "," ","T",1600," "," ","T",NA," "," "," ",NA," "," "," ",NA," "," "," "
"296","USS0012L05S",2015,3,"TMAX",-2," "," ","T",8," "," ","T",-19," "," ","T",-16," "," ","T",35," "," ","T",86," "," ","T",98," "," ","T",75," "," ","T",63," "," ","T",107," "," ","T",79," "," ","T",60," "," ","T",104," "," ","T",114," "," ","T",141," "," ","T",148," "," ","T",124," "," ","T",84," "," ","T",71," "," ","T",122," "," ","T",117," "," ","T",109," "," ","T",76," "," ","T",67," "," ","T",33," "," ","T",116," "," ","T",139," "," ","T",146," "," ","T",140," "," ","T",149," "," ","T",127," "," ","T"
"297","USS0012L05S",2015,3,"TMIN",-105," "," ","T",-56," "," ","T",-148," "," ","T",-163," "," ","T",-111," "," ","T",-63," "," ","T",-46," "," ","T",-48," "," ","T",-54," "," ","T",-43," "," ","T",-9," "," ","T",-1," "," ","T",-6," "," ","T",-14," "," ","T",11," "," ","T",11," "," ","T",16," "," ","T",2," "," ","T",-14," "," ","T",-20," "," ","T",2," "," ","T",3," "," ","T",-7," "," ","T",-19," "," ","T",-36," "," ","T",-37," "," ","T",2," "," ","T",31," "," ","T",9," "," ","T",35," "," ","T",36," "," ","T"
"298","USS0012L05S",2015,3,"TOBS",-43," "," ","T",-56," "," ","T",-139," "," ","T",-94," "," ","T",-43," "," ","T",-36," "," ","T",-11," "," ","T",-45," "," ","T",-22," "," ","T",3," "," ","T",28," "," ","T",7," "," ","T",-4," "," ","T",24," "," ","T",40," "," ","T",53," "," ","T",40," "," ","T",10," "," ","T",9," "," ","T",12," "," ","T",35," "," ","T",34," "," ","T",-5," "," ","T",-2," "," ","T",-22," "," ","T",14," "," ","T",61," "," ","T",58," "," ","T",39," "," ","T",46," "," ","T",56," "," ","T"
"299","USS0012L05S",2015,3,"PRCP",76," "," ","T",203," "," ","T",25," "," ","T",0," "," ","T",0," "," ","T",0," "," ","T",0," "," ","T",0," "," ","T",0," "," ","T",0," "," ","T",0," "," ","T",0," "," ","T",0," "," ","T",0," "," ","T",0," "," ","T",0," "," ","T",0," "," ","T",25," "," ","T",0," "," ","T",0," "," ","T",0," "," ","T",0," "," ","T",0," "," ","T",0," "," ","T",0," "," ","T",0," "," ","T",0," "," ","T",0," "," ","T",0," "," ","T",0," "," ","T",0," "," ","T"
"300","USS0012L05S",2015,3,"SNWD",686," "," ","T",787," "," ","T",813," "," ","T",762," "," ","T",711," "," ","T",686," "," ","T",635," "," ","T",635," "," ","T",610," "," ","T",584," "," ","T",584," "," ","T",559," "," ","T",559," "," ","T",508," "," ","T",483," "," ","T",457," "," ","T",432," "," ","T",406," "," ","T",406," "," ","T",381," "," ","T",356," "," ","T",330," "," ","T",305," "," ","T",305," "," ","T",279," "," ","T",229," "," ","T",178," "," ","T",152," "," ","T",127," "," ","T",76," "," ","T",51," "," ","T"
"301","USS0012L05S",2015,3,"TAVG",-52," "," ","T",-33," "," ","T",-68," "," ","T",-88," "," ","T",-36," "," ","T",5," "," ","T",14," "," ","T",10," "," ","T",0," "," ","T",31," "," ","T",38," "," ","T",19," "," ","T",31," "," ","T",44," "," ","T",70," "," ","T",72," "," ","T",69," "," ","T",40," "," ","T",24," "," ","T",45," "," ","T",58," "," ","T",54," "," ","T",32," "," ","T",24," "," ","T",-6," "," ","T",36," "," ","T",72," "," ","T",90," "," ","T",76," "," ","T",84," "," ","T",83," "," ","T"
"302","USS0012L05S",2015,3,"WESD",1676," "," ","T",1880," "," ","T",1905," "," ","T",1905," "," ","T",1905," "," ","T",1905," "," ","T",1905," "," ","T",1905," "," ","T",1880," "," ","T",1854," "," ","T",1854," "," ","T",1854," "," ","T",1854," "," ","T",1829," "," ","T",1803," "," ","T",1727," "," ","T",1676," "," ","T",1676," "," ","T",1651," "," ","T",1600," "," ","T",1524," "," ","T",1422," "," ","T",1346," "," ","T",1270," "," ","T",1270," "," ","T",1143," "," ","T",940," "," ","T",737," "," ","T",584," "," ","T",330," "," ","T",152," "," ","T"
"303","USS0012L05S",2015,4,"TMAX",78," "," ","T",20," "," ","T",62," "," ","T",105," "," ","T",107," "," ","T",90," "," ","T",85," "," ","T",-1," "," ","T",83," "," ","T",112," "," ","T",110," "," ","T",83," "," ","T",138," "," ","T",122," "," ","T",-42," "," ","T",-4," "," ","T",38," "," ","T",84," "," ","T",96," "," ","T",111," "," ","T",133," "," ","T",102," "," ","T",100," "," ","T",90," "," ","T",39," "," ","T",7," "," ","T",77," "," ","T",142," "," ","T",163," "," ","T",147," "," ","T",NA," "," "," "
"304","USS0012L05S",2015,4,"TMIN",-9," "," ","T",-79," "," ","T",-101," "," ","T",-45," "," ","T",-20," "," ","T",-14," "," ","T",-18," "," ","T",-56," "," ","T",-72," "," ","T",-29," "," ","T",-13," "," ","T",-8," "," ","T",-14," "," ","T",-81," "," ","T",-101," "," ","T",-101," "," ","T",-53," "," ","T",-4," "," ","T",-10," "," ","T",-4," "," ","T",12," "," ","T",9," "," ","T",-5," "," ","T",-11," "," ","T",-16," "," ","T",-26," "," ","T",-33," "," ","T",-2," "," ","T",46," "," ","T",38," "," ","T",NA," "," "," "
"305","USS0012L05S",2015,4,"TOBS",11," "," ","T",-79," "," ","T",-31," "," ","T",-10," "," ","T",23," "," ","T",0," "," ","T",-5," "," ","T",-42," "," ","T",-10," "," ","T",10," "," ","T",41," "," ","T",7," "," ","T",62," "," ","T",-82," "," ","T",-78," "," ","T",-51," "," ","T",22," "," ","T",-5," "," ","T",16," "," ","T",19," "," ","T",21," "," ","T",30," "," ","T",11," "," ","T",6," "," ","T",-11," "," ","T",-20," "," ","T",5," "," ","T",49," "," ","T",58," "," ","T",50," "," ","T",NA," "," "," "
"306","USS0012L05S",2015,4,"PRCP",0," "," ","T",0," "," ","T",0," "," ","T",0," "," ","T",0," "," ","T",0," "," ","T",0," "," ","T",0," "," ","T",0," "," ","T",0," "," ","T",0," "," ","T",0," "," ","T",0," "," ","T",51," "," ","T",76," "," ","T",76," "," ","T",25," "," ","T",0," "," ","T",0," "," ","T",0," "," ","T",0," "," ","T",0," "," ","T",0," "," ","T",51," "," ","T",102," "," ","T",0," "," ","T",0," "," ","T",0," "," ","T",0," "," ","T",0," "," ","T",NA," "," "," "
"307","USS0012L05S",2015,4,"SNWD",25," "," ","T",25," "," ","T",25," "," ","T",0," "," ","T",0," "," ","T",0," "," ","T",0," "," ","T",0," "," ","T",0," "," ","T",0," "," ","T",0," "," ","T",0," "," ","T",0," "," ","T",25," "," ","T",51," "," ","T",178," "," ","T",102," "," ","T",25," "," ","T",0," "," ","T",0," "," ","T",0," "," ","T",0," "," ","T",0," "," ","T",25," "," ","T",51," "," ","T",25," "," ","T",0," "," ","T",0," "," ","T",0," "," ","T",0," "," ","T",NA," "," "," "
"308","USS0012L05S",2015,4,"TAVG",32," "," ","T",-29," "," ","T",-19," "," ","T",30," "," ","T",49," "," ","T",35," "," ","T",23," "," ","T",-31," "," ","T",7," "," ","T",40," "," ","T",54," "," ","T",36," "," ","T",71," "," ","T",36," "," ","T",-78," "," ","T",-50," "," ","T",2," "," ","T",41," "," ","T",44," "," ","T",54," "," ","T",70," "," ","T",51," "," ","T",47," "," ","T",33," "," ","T",6," "," ","T",-15," "," ","T",26," "," ","T",67," "," ","T",104," "," ","T",96," "," ","T",NA," "," "," "
"309","USS0012L05S",2015,4,"WESD",102," "," ","T",76," "," ","T",76," "," ","T",0," "," ","T",0," "," ","T",0," "," ","T",0," "," ","T",0," "," ","T",0," "," ","T",0," "," ","T",0," "," ","T",0," "," ","T",0," "," ","T",25," "," ","T",76," "," ","T",178," "," ","T",279," "," ","T",76," "," ","T",0," "," ","T",0," "," ","T",0," "," ","T",0," "," ","T",0," "," ","T",76," "," ","T",102," "," ","T",25," "," ","T",0," "," ","T",0," "," ","T",0," "," ","T",0," "," ","T",NA," "," "," "
"310","USS0012L05S",2015,5,"TMAX",166," "," ","T",154," "," ","T",145," "," ","T",105," "," ","T",80," "," ","T",95," "," ","T",107," "," ","T",66," "," ","T",27," "," ","T",66," "," ","T",122," "," ","T",127," "," ","T",126," "," ","T",88," "," ","T",55," "," ","T",53," "," ","T",111," "," ","T",84," "," ","T",81," "," ","T",112," "," ","T",105," "," ","T",101," "," ","T",66," "," ","T",89," "," ","T",120," "," ","T",120," "," ","T",135," "," ","T",138," "," ","T",156," "," ","T",175," "," ","T",204," "," ","T"
"311","USS0012L05S",2015,5,"TMIN",30," "," ","T",40," "," ","T",38," "," ","T",28," "," ","T",20," "," ","T",16," "," ","T",1," "," ","T",-24," "," ","T",-47," "," ","T",-3," "," ","T",-10," "," ","T",8," "," ","T",16," "," ","T",-7," "," ","T",-29," "," ","T",-41," "," ","T",9," "," ","T",-3," "," ","T",-16," "," ","T",2," "," ","T",14," "," ","T",-2," "," ","T",-4," "," ","T",-13," "," ","T",16," "," ","T",21," "," ","T",24," "," ","T",33," "," ","T",28," "," ","T",51," "," ","T",77," "," ","T"
"312","USS0012L05S",2015,5,"TOBS",85," "," ","T",78," "," ","T",63," "," ","T",35," "," ","T",36," "," ","T",21," "," ","T",32," "," ","T",-24," "," ","T",1," "," ","T",-1," "," ","T",30," "," ","T",60," "," ","T",48," "," ","T",-7," "," ","T",-19," "," ","T",25," "," ","T",35," "," ","T",-3," "," ","T",19," "," ","T",29," "," ","T",41," "," ","T",-1," "," ","T",4," "," ","T",25," "," ","T",66," "," ","T",46," "," ","T",55," "," ","T",38," "," ","T",65," "," ","T",98," "," ","T",106," "," ","T"
"313","USS0012L05S",2015,5,"PRCP",0," "," ","T",0," "," ","T",0," "," ","T",51," "," ","T",51," "," ","T",25," "," ","T",0," "," ","T",102," "," ","T",51," "," ","T",0," "," ","T",0," "," ","T",0," "," ","T",0," "," ","T",127," "," ","T",102," "," ","T",0," "," ","T",0," "," ","T",0," "," ","T",25," "," ","T",0," "," ","T",0," "," ","T",51," "," ","T",152," "," ","T",51," "," ","T",0," "," ","T",127," "," ","T",51," "," ","T",0," "," ","T",0," "," ","T",0," "," ","T",0," "," ","T"
"314","USS0012L05S",2015,5,"SNWD",0," "," ","T",0," "," ","T",0," "," ","T",0," "," ","T",0," "," ","T",0," "," ","T",0," "," ","T",25," "," ","T",25," "," ","T",0," "," ","T",0," "," ","T",0," "," ","T",0," "," ","T",51," "," ","T",25," "," ","T",0," "," ","T",0," "," ","T",0," "," ","T",0," "," ","T",0," "," ","T",0," "," ","T",0," "," ","T",51," "," ","T",0," "," ","T",0," "," ","T",0," "," ","T",0," "," ","T",0," "," ","T",0," "," ","T",0," "," ","T",0," "," ","T"
"315","USS0012L05S",2015,5,"TAVG",104," "," ","T",105," "," ","T",87," "," ","T",60," "," ","T",48," "," ","T",43," "," ","T",53," "," ","T",17," "," ","T",-2," "," ","T",22," "," ","T",58," "," ","T",74," "," ","T",74," "," ","T",27," "," ","T",1," "," ","T",19," "," ","T",51," "," ","T",38," "," ","T",28," "," ","T",53," "," ","T",58," "," ","T",40," "," ","T",20," "," ","T",40," "," ","T",64," "," ","T",54," "," ","T",74," "," ","T",80," "," ","T",93," "," ","T",120," "," ","T",147," "," ","T"
"316","USS0012L05S",2015,5,"WESD",0," "," ","T",0," "," ","T",0," "," ","T",0," "," ","T",0," "," ","T",0," "," ","T",0," "," ","T",76," "," ","T",51," "," ","T",0," "," ","T",0," "," ","T",0," "," ","T",0," "," ","T",102," "," ","T",102," "," ","T",0," "," ","T",0," "," ","T",0," "," ","T",0," "," ","T",0," "," ","T",0," "," ","T",0," "," ","T",76," "," ","T",0," "," ","T",0," "," ","T",0," "," ","T",0," "," ","T",0," "," ","T",0," "," ","T",0," "," ","T",0," "," ","T"
"317","USS0012L05S",2015,6,"TMAX",198," "," ","T",189," "," ","T",183," "," ","T",175," "," ","T",121," "," ","T",135," "," ","T",136," "," ","T",183," "," ","T",198," "," ","T",174," "," ","T",133," "," ","T",176," "," ","T",189," "," ","T",203," "," ","T",199," "," ","T",221," "," ","T",236," "," ","T",234," "," ","T",247," "," ","T",249," "," ","T",240," "," ","T",238," "," ","T",246," "," ","T",241," "," ","T",242," "," ","T",251," "," ","T",261," "," ","T",259," "," ","T",256," "," ","T",253," "," ","T",NA," "," "," "
"318","USS0012L05S",2015,6,"TMIN",84," "," ","T",67," "," ","T",46," "," ","T",40," "," ","T",36," "," ","T",20," "," ","T",23," "," ","T",44," "," ","T",70," "," ","T",76," "," ","T",60," "," ","T",51," "," ","T",77," "," ","T",73," "," ","T",96," "," ","T",93," "," ","T",91," "," ","T",90," "," ","T",101," "," ","T",90," "," ","T",108," "," ","T",100," "," ","T",94," "," ","T",108," "," ","T",112," "," ","T",123," "," ","T",123," "," ","T",120," "," ","T",137," "," ","T",130," "," ","T",NA," "," "," "
"319","USS0012L05S",2015,6,"TOBS",106," "," ","T",68," "," ","T",57," "," ","T",88," "," ","T",46," "," ","T",25," "," ","T",50," "," ","T",82," "," ","T",91," "," ","T",77," "," ","T",71," "," ","T",95," "," ","T",90," "," ","T",101," "," ","T",139," "," ","T",143," "," ","T",143," "," ","T",119," "," ","T",156," "," ","T",167," "," ","T",148," "," ","T",119," "," ","T",141," "," ","T",151," "," ","T",150," "," ","T",136," "," ","T",138," "," ","T",158," "," ","T",168," "," ","T",130," "," ","T",NA," "," "," "
"320","USS0012L05S",2015,6,"PRCP",0," "," ","T",0," "," ","T",0," "," ","T",0," "," ","T",25," "," ","T",76," "," ","T",76," "," ","T",0," "," ","T",0," "," ","T",178," "," ","T",51," "," ","T",0," "," ","T",0," "," ","T",0," "," ","T",0," "," ","T",0," "," ","T",0," "," ","T",0," "," ","T",0," "," ","T",0," "," ","T",0," "," ","T",0," "," ","T",0," "," ","T",0," "," ","T",0," "," ","T",0," "," ","T",0," "," ","T",0," "," ","T",0," "," ","T",51," "," ","T",NA," "," "," "
"321","USS0012L05S",2015,6,"SNWD",0," "," ","T",0," "," ","T",0," "," ","T",0," "," ","T",0," "," ","T",0," "," ","T",0," "," ","T",0," "," ","T",0," "," ","T",0," "," ","T",0," "," ","T",0," "," ","T",0," "," ","T",0," "," ","T",0," "," ","T",0," "," ","T",0," "," ","T",0," "," ","T",0," "," ","T",0," "," ","T",0," "," ","T",0," "," ","T",0," "," ","T",0," "," ","T",0," "," ","T",0," "," ","T",0," "," ","T",0," "," ","T",0," "," ","T",0," "," ","T",NA," "," "," "
"322","USS0012L05S",2015,6,"TAVG",145," "," ","T",129," "," ","T",113," "," ","T",111," "," ","T",72," "," ","T",61," "," ","T",73," "," ","T",113," "," ","T",130," "," ","T",103," "," ","T",88," "," ","T",118," "," ","T",131," "," ","T",124," "," ","T",149," "," ","T",163," "," ","T",172," "," ","T",173," "," ","T",178," "," ","T",182," "," ","T",181," "," ","T",174," "," ","T",175," "," ","T",175," "," ","T",180," "," ","T",185," "," ","T",183," "," ","T",182," "," ","T",188," "," ","T",184," "," ","T",NA," "," "," "
"323","USS0012L05S",2015,6,"WESD",0," "," ","T",0," "," ","T",0," "," ","T",0," "," ","T",0," "," ","T",0," "," ","T",0," "," ","T",0," "," ","T",0," "," ","T",0," "," ","T",0," "," ","T",0," "," ","T",0," "," ","T",0," "," ","T",0," "," ","T",0," "," ","T",0," "," ","T",0," "," ","T",0," "," ","T",0," "," ","T",0," "," ","T",0," "," ","T",0," "," ","T",0," "," ","T",0," "," ","T",0," "," ","T",0," "," ","T",0," "," ","T",0," "," ","T",0," "," ","T",NA," "," "," "
"324","USS0012L05S",2015,7,"TMAX",244," "," ","T",234," "," ","T",235," "," ","T",240," "," ","T",202," "," ","T",174," "," ","T",176," "," ","T",175," "," ","T",181," "," ","T",164," "," ","T",177," "," ","T",206," "," ","T",214," "," ","T",206," "," ","T",210," "," ","T",214," "," ","T",211," "," ","T",181," "," ","T",178," "," ","T",141," "," ","T",175," "," ","T",191," "," ","T",209," "," ","T",212," "," ","T",227," "," ","T",234," "," ","T",203," "," ","T",197," "," ","T",222," "," ","T",227," "," ","T",235," "," ","T"
"325","USS0012L05S",2015,7,"TMIN",123," "," ","T",116," "," ","T",133," "," ","T",123," "," ","T",106," "," ","T",66," "," ","T",73," "," ","T",70," "," ","T",56," "," ","T",40," "," ","T",66," "," ","T",59," "," ","T",84," "," ","T",83," "," ","T",70," "," ","T",79," "," ","T",102," "," ","T",64," "," ","T",58," "," ","T",70," "," ","T",74," "," ","T",74," "," ","T",83," "," ","T",59," "," ","T",81," "," ","T",89," "," ","T",65," "," ","T",54," "," ","T",74," "," ","T",93," "," ","T",105," "," ","T"
"326","USS0012L05S",2015,7,"TOBS",145," "," ","T",161," "," ","T",135," "," ","T",128," "," ","T",137," "," ","T",82," "," ","T",92," "," ","T",70," "," ","T",67," "," ","T",77," "," ","T",80," "," ","T",95," "," ","T",97," "," ","T",88," "," ","T",103," "," ","T",128," "," ","T",137," "," ","T",67," "," ","T",103," "," ","T",77," "," ","T",77," "," ","T",93," "," ","T",83," "," ","T",120," "," ","T",100," "," ","T",132," "," ","T",66," "," ","T",83," "," ","T",105," "," ","T",133," "," ","T",115," "," ","T"
"327","USS0012L05S",2015,7,"PRCP",0," "," ","T",0," "," ","T",0," "," ","T",0," "," ","T",0," "," ","T",660," "," ","T",25," "," ","T",25," "," ","T",0," "," ","T",51," "," ","T",0," "," ","T",0," "," ","T",0," "," ","T",0," "," ","T",0," "," ","T",0," "," ","T",0," "," ","T",178," "," ","T",0," "," ","T",0," "," ","T",51," "," ","T",0," "," ","T",0," "," ","T",0," "," ","T",0," "," ","T",0," "," ","T",0," "," ","T",0," "," ","T",0," "," ","T",0," "," ","T",0," "," ","T"
"328","USS0012L05S",2015,7,"SNWD",0," "," ","T",0," "," ","T",0," "," ","T",0," "," ","T",0," "," ","T",0," "," ","T",0," "," ","T",0," "," ","T",0," "," ","T",0," "," ","T",0," "," ","T",0," "," ","T",0," "," ","T",0," "," ","T",0," "," ","T",0," "," ","T",0," "," ","T",0," "," ","T",0," "," ","T",0," "," ","T",0," "," ","T",0," "," ","T",0," "," ","T",0," "," ","T",0," "," ","T",0," "," ","T",0," "," ","T",0," "," ","T",0," "," ","T",0," "," ","T",0," "," ","T"
"329","USS0012L05S",2015,7,"TAVG",182," "," ","T",177," "," ","T",182," "," ","T",156," "," ","T",151," "," ","T",108," "," ","T",105," "," ","T",118," "," ","T",111," "," ","T",99," "," ","T",118," "," ","T",134," "," ","T",146," "," ","T",132," "," ","T",139," "," ","T",155," "," ","T",159," "," ","T",111," "," ","T",119," "," ","T",103," "," ","T",111," "," ","T",132," "," ","T",146," "," ","T",143," "," ","T",155," "," ","T",165," "," ","T",142," "," ","T",128," "," ","T",149," "," ","T",166," "," ","T",165," "," ","T"
"330","USS0012L05S",2015,7,"WESD",0," "," ","T",0," "," ","T",0," "," ","T",0," "," ","T",0," "," ","T",0," "," ","T",0," "," ","T",0," "," ","T",0," "," ","T",0," "," ","T",0," "," ","T",0," "," ","T",0," "," ","T",0," "," ","T",0," "," ","T",0," "," ","T",0," "," ","T",0," "," ","T",0," "," ","T",0," "," ","T",0," "," ","T",0," "," ","T",0," "," ","T",0," "," ","T",0," "," ","T",0," "," ","T",0," "," ","T",0," "," ","T",0," "," ","T",0," "," ","T",0," "," ","T"
"331","USS0012L05S",2015,8,"TMAX",225," "," ","T",191," "," ","T",198," "," ","T",242," "," ","T",225," "," ","T",227," "," ","T",142," "," ","T",193," "," ","T",203," "," ","T",216," "," ","T",182," "," ","T",178," "," ","T",226," "," ","T",257," "," ","T",242," "," ","T",232," "," ","T",234," "," ","T",194," "," ","T",213," "," ","T",227," "," ","T",242," "," ","T",220," "," ","T",238," "," ","T",241," "," ","T",237," "," ","T",159," "," ","T",201," "," ","T",225," "," ","T",230," "," ","T",206," "," ","T",218," "," ","T"
"332","USS0012L05S",2015,8,"TMIN",106," "," ","T",90," "," ","T",81," "," ","T",85," "," ","T",100," "," ","T",86," "," ","T",75," "," ","T",59," "," ","T",69," "," ","T",82," "," ","T",86," "," ","T",84," "," ","T",87," "," ","T",107," "," ","T",119," "," ","T",127," "," ","T",113," "," ","T",80," "," ","T",67," "," ","T",91," "," ","T",107," "," ","T",101," "," ","T",98," "," ","T",102," "," ","T",103," "," ","T",85," "," ","T",78," "," ","T",82," "," ","T",100," "," ","T",86," "," ","T",80," "," ","T"
"333","USS0012L05S",2015,8,"TOBS",125," "," ","T",95," "," ","T",85," "," ","T",143," "," ","T",111," "," ","T",142," "," ","T",83," "," ","T",85," "," ","T",109," "," ","T",109," "," ","T",89," "," ","T",94," "," ","T",122," "," ","T",164," "," ","T",141," "," ","T",159," "," ","T",134," "," ","T",84," "," ","T",99," "," ","T",141," "," ","T",140," "," ","T",119," "," ","T",120," "," ","T",123," "," ","T",103," "," ","T",101," "," ","T",93," "," ","T",109," "," ","T",146," "," ","T",87," "," ","T",114," "," ","T"
"334","USS0012L05S",2015,8,"PRCP",0," "," ","T",0," "," ","T",0," "," ","T",0," "," ","T",0," "," ","T",0," "," ","T",51," "," ","T",0," "," ","T",0," "," ","T",25," "," ","T",0," "," ","T",0," "," ","T",0," "," ","T",0," "," ","T",0," "," ","T",0," "," ","T",0," "," ","T",0," "," ","T",0," "," ","T",0," "," ","T",0," "," ","T",0," "," ","T",51," "," ","T",25," "," ","T",0," "," ","T",102," "," ","T",0," "," ","T",0," "," ","T",0," "," ","T",0," "," ","T",0," "," ","T"
"335","USS0012L05S",2015,8,"SNWD",0," "," ","T",0," "," ","T",0," "," ","T",0," "," ","T",0," "," ","T",0," "," ","T",0," "," ","T",0," "," ","T",0," "," ","T",0," "," ","T",0," "," ","T",0," "," ","T",0," "," ","T",0," "," ","T",0," "," ","T",0," "," ","T",0," "," ","T",0," "," ","T",0," "," ","T",0," "," ","T",0," "," ","T",0," "," ","T",0," "," ","T",0," "," ","T",0," "," ","T",0," "," ","T",0," "," ","T",0," "," ","T",0," "," ","T",0," "," ","T",0," "," ","T"
"336","USS0012L05S",2015,8,"TAVG",162," "," ","T",129," "," ","T",131," "," ","T",167," "," ","T",158," "," ","T",155," "," ","T",106," "," ","T",123," "," ","T",135," "," ","T",136," "," ","T",117," "," ","T",122," "," ","T",148," "," ","T",179," "," ","T",173," "," ","T",178," "," ","T",179," "," ","T",137," "," ","T",133," "," ","T",155," "," ","T",171," "," ","T",161," "," ","T",145," "," ","T",155," "," ","T",161," "," ","T",112," "," ","T",138," "," ","T",145," "," ","T",165," "," ","T",146," "," ","T",144," "," ","T"
"337","USS0012L05S",2015,8,"WESD",0," "," ","T",0," "," ","T",0," "," ","T",0," "," ","T",0," "," ","T",0," "," ","T",0," "," ","T",0," "," ","T",0," "," ","T",0," "," ","T",0," "," ","T",0," "," ","T",0," "," ","T",0," "," ","T",0," "," ","T",0," "," ","T",0," "," ","T",0," "," ","T",0," "," ","T",0," "," ","T",0," "," ","T",0," "," ","T",0," "," ","T",0," "," ","T",0," "," ","T",0," "," ","T",0," "," ","T",0," "," ","T",0," "," ","T",0," "," ","T",0," "," ","T"
"338","USS0012L05S",2015,9,"TMAX",211," "," ","T",204," "," ","T",196," "," ","T",188," "," ","T",178," "," ","T",185," "," ","T",173," "," ","T",199," "," ","T",213," "," ","T",209," "," ","T",227," "," ","T",235," "," ","T",214," "," ","T",164," "," ","T",140," "," ","T",146," "," ","T",155," "," ","T",154," "," ","T",178," "," ","T",196," "," ","T",211," "," ","T",191," "," ","T",206," "," ","T",210," "," ","T",213," "," ","T",204," "," ","T",209," "," ","T",197," "," ","T",207," "," ","T",206," "," ","T",NA," "," "," "
"339","USS0012L05S",2015,9,"TMIN",85," "," ","T",77," "," ","T",91," "," ","T",92," "," ","T",68," "," ","T",56," "," ","T",67," "," ","T",72," "," ","T",78," "," ","T",79," "," ","T",70," "," ","T",95," "," ","T",98," "," ","T",68," "," ","T",52," "," ","T",78," "," ","T",36," "," ","T",21," "," ","T",35," "," ","T",55," "," ","T",72," "," ","T",78," "," ","T",77," "," ","T",85," "," ","T",96," "," ","T",98," "," ","T",85," "," ","T",99," "," ","T",101," "," ","T",93," "," ","T",NA," "," "," "
"340","USS0012L05S",2015,9,"TOBS",112," "," ","T",121," "," ","T",114," "," ","T",95," "," ","T",83," "," ","T",107," "," ","T",90," "," ","T",82," "," ","T",100," "," ","T",87," "," ","T",126," "," ","T",100," "," ","T",105," "," ","T",67," "," ","T",81," "," ","T",78," "," ","T",52," "," ","T",48," "," ","T",59," "," ","T",86," "," ","T",94," "," ","T",132," "," ","T",100," "," ","T",106," "," ","T",128," "," ","T",103," "," ","T",119," "," ","T",106," "," ","T",101," "," ","T",119," "," ","T",NA," "," "," "
"341","USS0012L05S",2015,9,"PRCP",25," "," ","T",0," "," ","T",0," "," ","T",0," "," ","T",0," "," ","T",0," "," ","T",51," "," ","T",25," "," ","T",0," "," ","T",0," "," ","T",0," "," ","T",0," "," ","T",0," "," ","T",51," "," ","T",102," "," ","T",0," "," ","T",25," "," ","T",0," "," ","T",0," "," ","T",0," "," ","T",0," "," ","T",0," "," ","T",0," "," ","T",0," "," ","T",0," "," ","T",0," "," ","T",0," "," ","T",0," "," ","T",0," "," ","T",0," "," ","T",NA," "," "," "
"342","USS0012L05S",2015,9,"SNWD",0," "," ","T",0," "," ","T",0," "," ","T",0," "," ","T",0," "," ","T",0," "," ","T",0," "," ","T",0," "," ","T",0," "," ","T",0," "," ","T",0," "," ","T",0," "," ","T",0," "," ","T",0," "," ","T",0," "," ","T",0," "," ","T",0," "," ","T",0," "," ","T",0," "," ","T",0," "," ","T",0," "," ","T",0," "," ","T",0," "," ","T",0," "," ","T",0," "," ","T",0," "," ","T",0," "," ","T",0," "," ","T",0," "," ","T",0," "," ","T",NA," "," "," "
"343","USS0012L05S",2015,9,"TAVG",139," "," ","T",143," "," ","T",141," "," ","T",128," "," ","T",118," "," ","T",122," "," ","T",118," "," ","T",134," "," ","T",144," "," ","T",143," "," ","T",149," "," ","T",157," "," ","T",153," "," ","T",104," "," ","T",84," "," ","T",103," "," ","T",92," "," ","T",82," "," ","T",101," "," ","T",121," "," ","T",135," "," ","T",128," "," ","T",139," "," ","T",143," "," ","T",148," "," ","T",146," "," ","T",145," "," ","T",143," "," ","T",142," "," ","T",142," "," ","T",NA," "," "," "
"344","USS0012L05S",2015,9,"WESD",0," "," ","T",0," "," ","T",0," "," ","T",0," "," ","T",0," "," ","T",0," "," ","T",0," "," ","T",0," "," ","T",0," "," ","T",0," "," ","T",0," "," ","T",0," "," ","T",0," "," ","T",0," "," ","T",0," "," ","T",0," "," ","T",0," "," ","T",0," "," ","T",0," "," ","T",0," "," ","T",0," "," ","T",0," "," ","T",0," "," ","T",0," "," ","T",0," "," ","T",0," "," ","T",0," "," ","T",0," "," ","T",0," "," ","T",0," "," ","T",NA," "," "," "
"345","USS0012L05S",2015,10,"TMAX",197," "," ","T",136," "," ","T",117," "," ","T",140," "," ","T",88," "," ","T",100," "," ","T",130," "," ","T",160," "," ","T",169," "," ","T",182," "," ","T",163," "," ","T",183," "," ","T",193," "," ","T",192," "," ","T",183," "," ","T",152," "," ","T",101," "," ","T",92," "," ","T",83," "," ","T",65," "," ","T",71," "," ","T",86," "," ","T",85," "," ","T",117," "," ","T",113," "," ","T",118," "," ","T",96," "," ","T",102," "," ","T",38," "," ","T",53," "," ","T",100," "," ","T"
"346","USS0012L05S",2015,10,"TMIN",102," "," ","T",20," "," ","T",4," "," ","T",25," "," ","T",37," "," ","T",9," "," ","T",17," "," ","T",38," "," ","T",50," "," ","T",66," "," ","T",50," "," ","T",36," "," ","T",56," "," ","T",61," "," ","T",64," "," ","T",54," "," ","T",47," "," ","T",37," "," ","T",9," "," ","T",12," "," ","T",16," "," ","T",-2," "," ","T",-6," "," ","T",-1," "," ","T",0," "," ","T",-5," "," ","T",-21," "," ","T",-10," "," ","T",-15," "," ","T",-20," "," ","T",-5," "," ","T"
"347","USS0012L05S",2015,10,"TOBS",106," "," ","T",22," "," ","T",42," "," ","T",48," "," ","T",41," "," ","T",35," "," ","T",46," "," ","T",58," "," ","T",77," "," ","T",74," "," ","T",55," "," ","T",72," "," ","T",81," "," ","T",73," "," ","T",65," "," ","T",60," "," ","T",57," "," ","T",45," "," ","T",19," "," ","T",21," "," ","T",29," "," ","T",-2," "," ","T",1," "," ","T",15," "," ","T",33," "," ","T",41," "," ","T",-3," "," ","T",26," "," ","T",-14," "," ","T",20," "," ","T",15," "," ","T"
"348","USS0012L05S",2015,10,"PRCP",0," "," ","T",25," "," ","T",0," "," ","T",0," "," ","T",178," "," ","T",25," "," ","T",0," "," ","T",0," "," ","T",0," "," ","T",0," "," ","T",0," "," ","T",0," "," ","T",0," "," ","T",0," "," ","T",0," "," ","T",25," "," ","T",51," "," ","T",76," "," ","T",51," "," ","T",127," "," ","T",51," "," ","T",0," "," ","T",0," "," ","T",0," "," ","T",0," "," ","T",0," "," ","T",0," "," ","T",25," "," ","T",76," "," ","T",0," "," ","T",0," "," ","T"
"349","USS0012L05S",2015,10,"SNWD",0," "," ","T",0," "," ","T",0," "," ","T",0," "," ","T",0," "," ","T",0," "," ","T",0," "," ","T",0," "," ","T",0," "," ","T",0," "," ","T",0," "," ","T",0," "," ","T",0," "," ","T",0," "," ","T",0," "," ","T",0," "," ","T",0," "," ","T",0," "," ","T",0," "," ","T",0," "," ","T",0," "," ","T",0," "," ","T",0," "," ","T",0," "," ","T",0," "," ","T",0," "," ","T",0," "," ","T",0," "," ","T",25," "," ","T",0," "," ","T",0," "," ","T"
"350","USS0012L05S",2015,10,"TAVG",142," "," ","T",81," "," ","T",52," "," ","T",72," "," ","T",52," "," ","T",47," "," ","T",76," "," ","T",97," "," ","T",104," "," ","T",122," "," ","T",107," "," ","T",111," "," ","T",123," "," ","T",121," "," ","T",113," "," ","T",94," "," ","T",66," "," ","T",60," "," ","T",39," "," ","T",32," "," ","T",36," "," ","T",36," "," ","T",30," "," ","T",48," "," ","T",51," "," ","T",63," "," ","T",41," "," ","T",47," "," ","T",6," "," ","T",7," "," ","T",44," "," ","T"
"351","USS0012L05S",2015,10,"WESD",0," "," ","T",0," "," ","T",0," "," ","T",0," "," ","T",0," "," ","T",0," "," ","T",0," "," ","T",0," "," ","T",0," "," ","T",0," "," ","T",0," "," ","T",0," "," ","T",0," "," ","T",0," "," ","T",0," "," ","T",0," "," ","T",0," "," ","T",0," "," ","T",0," "," ","T",0," "," ","T",0," "," ","T",0," "," ","T",0," "," ","T",0," "," ","T",0," "," ","T",0," "," ","T",0," "," ","T",0," "," ","T",51," "," ","T",0," "," ","T",0," "," ","T"
"352","USS0012L05S",2015,11,"TMAX",131," "," ","T",119," "," ","T",64," "," ","T",-15," "," ","T",-2," "," ","T",-2," "," ","T",53," "," ","T",76," "," ","T",69," "," ","T",5," "," ","T",1," "," ","T",50," "," ","T",76," "," ","T",82," "," ","T",59," "," ","T",-19," "," ","T",-26," "," ","T",29," "," ","T",78," "," ","T",44," "," ","T",65," "," ","T",89," "," ","T",88," "," ","T",75," "," ","T",32," "," ","T",-11," "," ","T",-21," "," ","T",-38," "," ","T",-75," "," ","T",-28," "," ","T",NA," "," "," "
"353","USS0012L05S",2015,11,"TMIN",12," "," ","T",6," "," ","T",-20," "," ","T",-57," "," ","T",-77," "," ","T",-86," "," ","T",-87," "," ","T",-50," "," ","T",-32," "," ","T",-69," "," ","T",-93," "," ","T",-82," "," ","T",-63," "," ","T",-38," "," ","T",-47," "," ","T",-92," "," ","T",-96," "," ","T",-72," "," ","T",-48," "," ","T",-68," "," ","T",-80," "," ","T",-45," "," ","T",-14," "," ","T",-38," "," ","T",-95," "," ","T",-110," "," ","T",-143," "," ","T",-176," "," ","T",-173," "," ","T",-170," "," ","T",NA," "," "," "
"354","USS0012L05S",2015,11,"TOBS",27," "," ","T",35," "," ","T",-19," "," ","T",-53," "," ","T",-61," "," ","T",-74," "," ","T",-26," "," ","T",-4," "," ","T",-4," "," ","T",-67," "," ","T",-70," "," ","T",-51," "," ","T",-21," "," ","T",-26," "," ","T",-24," "," ","T",-83," "," ","T",-51," "," ","T",-31," "," ","T",26," "," ","T",-57," "," ","T",-34," "," ","T",-4," "," ","T",9," "," ","T",2," "," ","T",-92," "," ","T",-80," "," ","T",-142," "," ","T",-144," "," ","T",-159," "," ","T",-83," "," ","T",NA," "," "," "
"355","USS0012L05S",2015,11,"PRCP",0," "," ","T",0," "," ","T",0," "," ","T",25," "," ","T",0," "," ","T",0," "," ","T",0," "," ","T",0," "," ","T",0," "," ","T",152," "," ","T",25," "," ","T",0," "," ","T",0," "," ","T",0," "," ","T",102," "," ","T",51," "," ","T",0," "," ","T",0," "," ","T",0," "," ","T",0," "," ","T",0," "," ","T",0," "," ","T",0," "," ","T",0," "," ","T",0," "," ","T",25," "," ","T",25," "," ","T",0," "," ","T",0," "," ","T",0," "," ","T",NA," "," "," "
"356","USS0012L05S",2015,11,"SNWD",0," "," ","T",0," "," ","T",0," "," ","T",25," "," ","T",0," "," ","T",25," "," ","T",25," "," ","T",0," "," ","T",0," "," ","T",127," "," ","T",127," "," ","T",102," "," ","T",76," "," ","T",76," "," ","T",152," "," ","T",178," "," ","T",152," "," ","T",127," "," ","T",127," "," ","T",102," "," ","T",102," "," ","T",102," "," ","T",102," "," ","T",102," "," ","T",102," "," ","T",127," "," ","T",178," "," ","T",178," "," ","T",178," "," ","T",178," "," ","T",NA," "," "," "
"357","USS0012L05S",2015,11,"TAVG",83," "," ","T",64," "," ","T",18," "," ","T",-38," "," ","T",-46," "," ","T",-49," "," ","T",-21," "," ","T",7," "," ","T",16," "," ","T",-33," "," ","T",-55," "," ","T",-20," "," ","T",0," "," ","T",9," "," ","T",-1," "," ","T",-62," "," ","T",-55," "," ","T",-6," "," ","T",19," "," ","T",-4," "," ","T",-14," "," ","T",16," "," ","T",32," "," ","T",20," "," ","T",-27," "," ","T",-79," "," ","T",-89," "," ","T",-110," "," ","T",-132," "," ","T",-87," "," ","T",NA," "," "," "
"358","USS0012L05S",2015,11,"WESD",0," "," ","T",0," "," ","T",0," "," ","T",25," "," ","T",25," "," ","T",25," "," ","T",25," "," ","T",0," "," ","T",0," "," ","T",152," "," ","T",178," "," ","T",178," "," ","T",178," "," ","T",178," "," ","T",254," "," ","T",356," "," ","T",356," "," ","T",356," "," ","T",356," "," ","T",356," "," ","T",330," "," ","T",330," "," ","T",330," "," ","T",330," "," ","T",305," "," ","T",330," "," ","T",356," "," ","T",356," "," ","T",356," "," ","T",356," "," ","T",NA," "," "," "
"359","USS0012L05S",2015,12,"TMAX",13," "," ","T",63," "," ","T",76," "," ","T",53," "," ","T",23," "," ","T",84," "," ","T",96," "," ","T",79," "," ","T",90," "," ","T",76," "," ","T",4," "," ","T",-43," "," ","T",70," "," ","T",-35," "," ","T",-73," "," ","T",-45," "," ","T",-31," "," ","T",67," "," ","T",47," "," ","T",-12," "," ","T",1," "," ","T",-2," "," ","T",-41," "," ","T",-47," "," ","T",-75," "," ","T",-99," "," ","T",12," "," ","T",-32," "," ","T",-47," "," ","T",-60," "," ","T",-78," "," ","T"
"360","USS0012L05S",2015,12,"TMIN",-125," "," ","T",-70," "," ","T",-29," "," ","T",-56," "," ","T",-89," "," ","T",-65," "," ","T",-17," "," ","T",-9," "," ","T",-8," "," ","T",-3," "," ","T",-68," "," ","T",-130," "," ","T",-121," "," ","T",-101," "," ","T",-113," "," ","T",-152," "," ","T",-119," "," ","T",-65," "," ","T",-49," "," ","T",-62," "," ","T",-86," "," ","T",-46," "," ","T",-178," "," ","T",-183," "," ","T",-149," "," ","T",-162," "," ","T",-172," "," ","T",-147," "," ","T",-152," "," ","T",-166," "," ","T",-196," "," ","T"
"361","USS0012L05S",2015,12,"TOBS",-52," "," ","T",-23," "," ","T",24," "," ","T",-46," "," ","T",-55," "," ","T",15," "," ","T",29," "," ","T",21," "," ","T",9," "," ","T",1," "," ","T",-61," "," ","T",-112," "," ","T",-36," "," ","T",-100," "," ","T",-109," "," ","T",-97," "," ","T",-60," "," ","T",-38," "," ","T",-33," "," ","T",-49," "," ","T",-26," "," ","T",-47," "," ","T",-167," "," ","T",-77," "," ","T",-143," "," ","T",-107," "," ","T",-93," "," ","T",-135," "," ","T",-117," "," ","T",-143," "," ","T",-164," "," ","T"
"362","USS0012L05S",2015,12,"PRCP",25," "," ","T",0," "," ","T",0," "," ","T",0," "," ","T",0," "," ","T",0," "," ","T",0," "," ","T",0," "," ","T",0," "," ","T",0," "," ","T",51," "," ","T",0," "," ","T",25," "," ","T",76," "," ","T",0," "," ","T",0," "," ","T",0," "," ","T",0," "," ","T",0," "," ","T",25," "," ","T",102," "," ","T",279," "," ","T",51," "," ","T",0," "," ","T",76," "," ","T",0," "," ","T",0," "," ","T",0," "," ","T",0," "," ","T",25," "," ","T",0," "," ","T"
"363","USS0012L05S",2015,12,"SNWD",203," "," ","T",178," "," ","T",152," "," ","T",152," "," ","T",152," "," ","T",152," "," ","T",152," "," ","T",127," "," ","T",127," "," ","T",127," "," ","T",229," "," ","T",229," "," ","T",203," "," ","T",229," "," ","T",229," "," ","T",229," "," ","T",229," "," ","T",229," "," ","T",229," "," ","T",254," "," ","T",305," "," ","T",457," "," ","T",457," "," ","T",457," "," ","T",483," "," ","T",432," "," ","T",432," "," ","T",432," "," ","T",406," "," ","T",432," "," ","T",432," "," ","T"
"364","USS0012L05S",2015,12,"TAVG",-53," "," ","T",-8," "," ","T",9," "," ","T",7," "," ","T",-34," "," ","T",2," "," ","T",35," "," ","T",32," "," ","T",50," "," ","T",37," "," ","T",-38," "," ","T",-77," "," ","T",-17," "," ","T",-81," "," ","T",-100," "," ","T",-92," "," ","T",-72," "," ","T",-9," "," ","T",-2," "," ","T",-44," "," ","T",-33," "," ","T",-24," "," ","T",-87," "," ","T",-96," "," ","T",-115," "," ","T",-132," "," ","T",-80," "," ","T",-85," "," ","T",-114," "," ","T",-106," "," ","T",-149," "," ","T"
"365","USS0012L05S",2015,12,"WESD",381," "," ","T",381," "," ","T",381," "," ","T",381," "," ","T",381," "," ","T",381," "," ","T",381," "," ","T",381," "," ","T",381," "," ","T",381," "," ","T",483," "," ","T",483," "," ","T",508," "," ","T",559," "," ","T",559," "," ","T",559," "," ","T",559," "," ","T",559," "," ","T",559," "," ","T",610," "," ","T",711," "," ","T",940," "," ","T",991," "," ","T",991," "," ","T",1067," "," ","T",1067," "," ","T",1067," "," ","T",1067," "," ","T",1067," "," ","T",1092," "," ","T",1092," "," ","T"
"366","USS0012L05S",2016,1,"TMAX",-51," "," ","T",37," "," ","T",50," "," ","T",-10," "," ","T",-15," "," ","T",-7," "," ","T",-17," "," ","T",-31," "," ","T",-33," "," ","T",-27," "," ","T",18," "," ","T",57," "," ","T",55," "," ","T",-24," "," ","T",-29," "," ","T",10," "," ","T",21," "," ","T",21," "," ","T",21," "," ","T",-20," "," ","T",59," "," ","T",76," "," ","T",52," "," ","T",-23," "," ","T",-25," "," ","T",25," "," ","T",85," "," ","T",86," "," ","T",77," "," ","T",49," "," ","T",-35," "," ","T"
"367","USS0012L05S",2016,1,"TMIN",-191," "," ","T",-101," "," ","T",-49," "," ","T",-47," "," ","T",-46," "," ","T",-70," "," ","T",-117," "," ","T",-98," "," ","T",-126," "," ","T",-153," "," ","T",-151," "," ","T",-93," "," ","T",-52," "," ","T",-71," "," ","T",-82," "," ","T",-108," "," ","T",-46," "," ","T",-38," "," ","T",-107," "," ","T",-127," "," ","T",-128," "," ","T",-41," "," ","T",-29," "," ","T",-106," "," ","T",-144," "," ","T",-136," "," ","T",-59," "," ","T",-23," "," ","T",-30," "," ","T",-70," "," ","T",-84," "," ","T"
"368","USS0012L05S",2016,1,"TOBS",-81," "," ","T",-11," "," ","T",-28," "," ","T",-34," "," ","T",-44," "," ","T",-68," "," ","T",-97," "," ","T",-81," "," ","T",-102," "," ","T",-135," "," ","T",-62," "," ","T",-42," "," ","T",-27," "," ","T",-30," "," ","T",-83," "," ","T",-20," "," ","T",-15," "," ","T",-31," "," ","T",-29," "," ","T",-122," "," ","T",-23," "," ","T",16," "," ","T",-24," "," ","T",-70," "," ","T",-131," "," ","T",-58," "," ","T",4," "," ","T",39," "," ","T",31," "," ","T",-68," "," ","T",-82," "," ","T"
"369","USS0012L05S",2016,1,"PRCP",0," "," ","T",0," "," ","T",0," "," ","T",51," "," ","T",0," "," ","T",51," "," ","T",51," "," ","T",25," "," ","T",0," "," ","T",0," "," ","T",0," "," ","T",0," "," ","T",0," "," ","T",0," "," ","T",51," "," ","T",0," "," ","T",0," "," ","T",0," "," ","T",76," "," ","T",0," "," ","T",0," "," ","T",0," "," ","T",25," "," ","T",51," "," ","T",0," "," ","T",0," "," ","T",25," "," ","T",0," "," ","T",0," "," ","T",102," "," ","T",203," "," ","T"
"370","USS0012L05S",2016,1,"SNWD",432," "," ","T",406," "," ","T",406," "," ","T",457," "," ","T",457," "," ","T",483," "," ","T",559," "," ","T",559," "," ","T",533," "," ","T",533," "," ","T",508," "," ","T",508," "," ","T",508," "," ","T",483," "," ","T",508," "," ","T",483," "," ","T",483," "," ","T",483," "," ","T",508," "," ","T",483," "," ","T",483," "," ","T",457," "," ","T",483," "," ","T",533," "," ","T",533," "," ","T",533," "," ","T",508," "," ","T",508," "," ","T",508," "," ","T",635," "," ","T",838," "," ","T"
"371","USS0012L05S",2016,1,"TAVG",-128," "," ","T",-41," "," ","T",-11," "," ","T",-32," "," ","T",-35," "," ","T",-35," "," ","T",-58," "," ","T",-71," "," ","T",-81," "," ","T",-100," "," ","T",-54," "," ","T",-30," "," ","T",-3," "," ","T",-46," "," ","T",-59," "," ","T",-34," "," ","T",-14," "," ","T",-12," "," ","T",-33," "," ","T",-56," "," ","T",-32," "," ","T",11," "," ","T",10," "," ","T",-57," "," ","T",-88," "," ","T",-50," "," ","T",8," "," ","T",32," "," ","T",25," "," ","T",-6," "," ","T",-68," "," ","T"
"372","USS0012L05S",2016,1,"WESD",1092," "," ","T",1092," "," ","T",1092," "," ","T",1143," "," ","T",1143," "," ","T",1194," "," ","T",1245," "," ","T",1270," "," ","T",1270," "," ","T",1270," "," ","T",1270," "," ","T",1270," "," ","T",1270," "," ","T",1270," "," ","T",1295," "," ","T",1295," "," ","T",1295," "," ","T",1295," "," ","T",1321," "," ","T",1321," "," ","T",1321," "," ","T",1321," "," ","T",1346," "," ","T",1372," "," ","T",1372," "," ","T",1372," "," ","T",1372," "," ","T",1372," "," ","T",1372," "," ","T",1473," "," ","T",1727," "," ","T"
"373","USS0012L05S",2016,2,"TMAX",-60," "," ","T",-104," "," ","T",-55," "," ","T",-35," "," ","T",3," "," ","T",70," "," ","T",64," "," ","T",85," "," ","T",150," "," ","T",124," "," ","T",119," "," ","T",141," "," ","T",82," "," ","T",59," "," ","T",50," "," ","T",106," "," ","T",92," "," ","T",43," "," ","T",70," "," ","T",89," "," ","T",82," "," ","T",3," "," ","T",-9," "," ","T",64," "," ","T",105," "," ","T",111," "," ","T",99," "," ","T",77," "," ","T",61," "," ","T",NA," "," "," ",NA," "," "," "
"374","USS0012L05S",2016,2,"TMIN",-146," "," ","T",-205," "," ","T",-215," "," ","T",-138," "," ","T",-106," "," ","T",-79," "," ","T",-60," "," ","T",-33," "," ","T",-32," "," ","T",-10," "," ","T",-21," "," ","T",5," "," ","T",-36," "," ","T",-44," "," ","T",-24," "," ","T",-41," "," ","T",-1," "," ","T",-66," "," ","T",-59," "," ","T",-18," "," ","T",-38," "," ","T",-76," "," ","T",-95," "," ","T",-81," "," ","T",-34," "," ","T",-26," "," ","T",7," "," ","T",-15," "," ","T",-19," "," ","T",NA," "," "," ",NA," "," "," "
"375","USS0012L05S",2016,2,"TOBS",-145," "," ","T",-191," "," ","T",-102," "," ","T",-77," "," ","T",-64," "," ","T",-44," "," ","T",-27," "," ","T",-22," "," ","T",3," "," ","T",16," "," ","T",17," "," ","T",29," "," ","T",-32," "," ","T",-6," "," ","T",-16," "," ","T",24," "," ","T",20," "," ","T",-42," "," ","T",16," "," ","T",-18," "," ","T",-34," "," ","T",-76," "," ","T",-71," "," ","T",-22," "," ","T",-15," "," ","T",13," "," ","T",18," "," ","T",-9," "," ","T",12," "," ","T",NA," "," "," ",NA," "," "," "
"376","USS0012L05S",2016,2,"PRCP",51," "," ","T",0," "," ","T",0," "," ","T",25," "," ","T",0," "," ","T",0," "," ","T",0," "," ","T",0," "," ","T",0," "," ","T",0," "," ","T",0," "," ","T",0," "," ","T",0," "," ","T",0," "," ","T",0," "," ","T",0," "," ","T",0," "," ","T",25," "," ","T",25," "," ","T",0," "," ","T",0," "," ","T",76," "," ","T",0," "," ","T",0," "," ","T",0," "," ","T",0," "," ","T",0," "," ","T",0," "," ","T",0," "," ","T",NA," "," "," ",NA," "," "," "
"377","USS0012L05S",2016,2,"SNWD",813," "," ","T",762," "," ","T",737," "," ","T",762," "," ","T",737," "," ","T",711," "," ","T",711," "," ","T",686," "," ","T",660," "," ","T",635," "," ","T",635," "," ","T",610," "," ","T",610," "," ","T",584," "," ","T",584," "," ","T",584," "," ","T",559," "," ","T",584," "," ","T",559," "," ","T",559," "," ","T",559," "," ","T",660," "," ","T",635," "," ","T",635," "," ","T",610," "," ","T",584," "," ","T",559," "," ","T",559," "," ","T",559," "," ","T",NA," "," "," ",NA," "," "," "
"378","USS0012L05S",2016,2,"TAVG",-108," "," ","T",-146," "," ","T",-130," "," ","T",-78," "," ","T",-60," "," ","T",-19," "," ","T",-4," "," ","T",29," "," ","T",42," "," ","T",47," "," ","T",39," "," ","T",59," "," ","T",24," "," ","T",9," "," ","T",10," "," ","T",29," "," ","T",49," "," ","T",-5," "," ","T",9," "," ","T",24," "," ","T",6," "," ","T",-37," "," ","T",-61," "," ","T",-5," "," ","T",17," "," ","T",35," "," ","T",49," "," ","T",19," "," ","T",27," "," ","T",NA," "," "," ",NA," "," "," "
"379","USS0012L05S",2016,2,"WESD",1778," "," ","T",1778," "," ","T",1778," "," ","T",1829," "," ","T",1829," "," ","T",1829," "," ","T",1829," "," ","T",1829," "," ","T",1829," "," ","T",1829," "," ","T",1829," "," ","T",1829," "," ","T",1829," "," ","T",1829," "," ","T",1829," "," ","T",1803," "," ","T",1803," "," ","T",1829," "," ","T",1829," "," ","T",1829," "," ","T",1829," "," ","T",1905," "," ","T",1905," "," ","T",1905," "," ","T",1905," "," ","T",1905," "," ","T",1905," "," ","T",1854," "," ","T",1829," "," ","T",NA," "," "," ",NA," "," "," "
"380","USS0012L05S",2016,3,"TMAX",79," "," ","T",80," "," ","T",112," "," ","T",109," "," ","T",85," "," ","T",40," "," ","T",43," "," ","T",64," "," ","T",60," "," ","T",117," "," ","T",79," "," ","T",80," "," ","T",73," "," ","T",44," "," ","T",26," "," ","T",35," "," ","T",59," "," ","T",70," "," ","T",81," "," ","T",120," "," ","T",99," "," ","T",36," "," ","T",-14," "," ","T",53," "," ","T",23," "," ","T",-1," "," ","T",82," "," ","T",44," "," ","T",-17," "," ","T",34," "," ","T",26," "," ","T"
"381","USS0012L05S",2016,3,"TMIN",-20," "," ","T",-4," "," ","T",-22," "," ","T",-10," "," ","T",7," "," ","T",-48," "," ","T",-88," "," ","T",-77," "," ","T",-30," "," ","T",-26," "," ","T",3," "," ","T",-24," "," ","T",-28," "," ","T",-52," "," ","T",-73," "," ","T",-60," "," ","T",-14," "," ","T",-39," "," ","T",-33," "," ","T",-4," "," ","T",12," "," ","T",-71," "," ","T",-85," "," ","T",-90," "," ","T",-48," "," ","T",-76," "," ","T",-62," "," ","T",-41," "," ","T",-104," "," ","T",-118," "," ","T",-87," "," ","T"
"382","USS0012L05S",2016,3,"TOBS",40," "," ","T",12," "," ","T",20," "," ","T",17," "," ","T",21," "," ","T",-47," "," ","T",-52," "," ","T",-20," "," ","T",-9," "," ","T",23," "," ","T",22," "," ","T",-15," "," ","T",-8," "," ","T",-52," "," ","T",-37," "," ","T",3," "," ","T",11," "," ","T",-21," "," ","T",1," "," ","T",65," "," ","T",35," "," ","T",-72," "," ","T",-73," "," ","T",0," "," ","T",-48," "," ","T",-61," "," ","T",4," "," ","T",-41," "," ","T",-104," "," ","T",-68," "," ","T",-29," "," ","T"
"383","USS0012L05S",2016,3,"PRCP",0," "," ","T",0," "," ","T",0," "," ","T",0," "," ","T",0," "," ","T",127," "," ","T",25," "," ","T",0," "," ","T",25," "," ","T",0," "," ","T",0," "," ","T",0," "," ","T",0," "," ","T",0," "," ","T",0," "," ","T",0," "," ","T",0," "," ","T",0," "," ","T",0," "," ","T",0," "," ","T",0," "," ","T",127," "," ","T",25," "," ","T",0," "," ","T",0," "," ","T",25," "," ","T",25," "," ","T",76," "," ","T",25," "," ","T",0," "," ","T",51," "," ","T"
"384","USS0012L05S",2016,3,"SNWD",533," "," ","T",508," "," ","T",508," "," ","T",483," "," ","T",457," "," ","T",584," "," ","T",559," "," ","T",508," "," ","T",533," "," ","T",508," "," ","T",483," "," ","T",483," "," ","T",457," "," ","T",457," "," ","T",457," "," ","T",457," "," ","T",432," "," ","T",406," "," ","T",381," "," ","T",356," "," ","T",356," "," ","T",483," "," ","T",483," "," ","T",406," "," ","T",406," "," ","T",432," "," ","T",381," "," ","T",508," "," ","T",508," "," ","T",508," "," ","T",483," "," ","T"
"385","USS0012L05S",2016,3,"TAVG",35," "," ","T",37," "," ","T",48," "," ","T",40," "," ","T",42," "," ","T",4," "," ","T",-25," "," ","T",-14," "," ","T",4," "," ","T",42," "," ","T",39," "," ","T",21," "," ","T",16," "," ","T",0," "," ","T",-20," "," ","T",-4," "," ","T",26," "," ","T",13," "," ","T",24," "," ","T",60," "," ","T",61," "," ","T",-22," "," ","T",-58," "," ","T",-7," "," ","T",-7," "," ","T",-43," "," ","T",17," "," ","T",11," "," ","T",-57," "," ","T",-55," "," ","T",-24," "," ","T"
"386","USS0012L05S",2016,3,"WESD",1803," "," ","T",1778," "," ","T",1778," "," ","T",1753," "," ","T",1727," "," ","T",1854," "," ","T",1880," "," ","T",1880," "," ","T",1930," "," ","T",1930," "," ","T",1930," "," ","T",1930," "," ","T",1930," "," ","T",1930," "," ","T",1930," "," ","T",1930," "," ","T",1905," "," ","T",1905," "," ","T",1829," "," ","T",1753," "," ","T",1702," "," ","T",1854," "," ","T",1880," "," ","T",1880," "," ","T",1880," "," ","T",1930," "," ","T",1956," "," ","T",2032," "," ","T",2057," "," ","T",2057," "," ","T",2108," "," ","T"
"387","USS0012L05S",2016,4,"TMAX",49," "," ","T",92," "," ","T",102," "," ","T",114," "," ","T",55," "," ","T",132," "," ","T",144," "," ","T",117," "," ","T",61," "," ","T",84," "," ","T",110," "," ","T",119," "," ","T",108," "," ","T",101," "," ","T",18," "," ","T",29," "," ","T",44," "," ","T",45," "," ","T",83," "," ","T",134," "," ","T",158," "," ","T",144," "," ","T",68," "," ","T",99," "," ","T",42," "," ","T",27," "," ","T",54," "," ","T",51," "," ","T",53," "," ","T",59," "," ","T",NA," "," "," "
"388","USS0012L05S",2016,4,"TMIN",-60," "," ","T",-40," "," ","T",3," "," ","T",8," "," ","T",-24," "," ","T",-25," "," ","T",3," "," ","T",8," "," ","T",6," "," ","T",-7," "," ","T",-12," "," ","T",-2," "," ","T",2," "," ","T",-29," "," ","T",-41," "," ","T",-44," "," ","T",-40," "," ","T",-53," "," ","T",-32," "," ","T",5," "," ","T",20," "," ","T",36," "," ","T",-32," "," ","T",-28," "," ","T",-27," "," ","T",-33," "," ","T",-45," "," ","T",-30," "," ","T",-20," "," ","T",-32," "," ","T",NA," "," "," "
"389","USS0012L05S",2016,4,"TOBS",-28," "," ","T",20," "," ","T",23," "," ","T",10," "," ","T",-20," "," ","T",30," "," ","T",48," "," ","T",14," "," ","T",18," "," ","T",-2," "," ","T",7," "," ","T",10," "," ","T",37," "," ","T",-26," "," ","T",-34," "," ","T",-9," "," ","T",-41," "," ","T",-20," "," ","T",15," "," ","T",44," "," ","T",54," "," ","T",68," "," ","T",-20," "," ","T",6," "," ","T",-21," "," ","T",-23," "," ","T",-8," "," ","T",-14," "," ","T",-20," "," ","T",-30," "," ","T",NA," "," "," "
"390","USS0012L05S",2016,4,"PRCP",0," "," ","T",0," "," ","T",0," "," ","T",0," "," ","T",0," "," ","T",0," "," ","T",0," "," ","T",0," "," ","T",25," "," ","T",0," "," ","T",0," "," ","T",0," "," ","T",0," "," ","T",0," "," ","T",102," "," ","T",0," "," ","T",0," "," ","T",0," "," ","T",0," "," ","T",0," "," ","T",0," "," ","T",0," "," ","T",0," "," ","T",0," "," ","T",102," "," ","T",127," "," ","T",76," "," ","T",51," "," ","T",76," "," ","T",0," "," ","T",NA," "," "," "
"391","USS0012L05S",2016,4,"SNWD",457," "," ","T",432," "," ","T",406," "," ","T",381," "," ","T",330," "," ","T",279," "," ","T",254," "," ","T",229," "," ","T",203," "," ","T",203," "," ","T",178," "," ","T",152," "," ","T",102," "," ","T",76," "," ","T",152," "," ","T",102," "," ","T",76," "," ","T",51," "," ","T",51," "," ","T",25," "," ","T",0," "," ","T",0," "," ","T",0," "," ","T",0," "," ","T",25," "," ","T",102," "," ","T",127," "," ","T",102," "," ","T",102," "," ","T",76," "," ","T",NA," "," "," "
"392","USS0012L05S",2016,4,"TAVG",-2," "," ","T",30," "," ","T",54," "," ","T",59," "," ","T",24," "," ","T",49," "," ","T",74," "," ","T",56," "," ","T",25," "," ","T",33," "," ","T",32," "," ","T",49," "," ","T",60," "," ","T",35," "," ","T",-25," "," ","T",-11," "," ","T",1," "," ","T",-1," "," ","T",34," "," ","T",73," "," ","T",92," "," ","T",92," "," ","T",16," "," ","T",32," "," ","T",-3," "," ","T",-6," "," ","T",2," "," ","T",-3," "," ","T",5," "," ","T",7," "," ","T",NA," "," "," "
"393","USS0012L05S",2016,4,"WESD",2108," "," ","T",2108," "," ","T",2083," "," ","T",1829," "," ","T",1626," "," ","T",1422," "," ","T",1245," "," ","T",1118," "," ","T",1067," "," ","T",1041," "," ","T",914," "," ","T",762," "," ","T",533," "," ","T",406," "," ","T",483," "," ","T",406," "," ","T",330," "," ","T",229," "," ","T",152," "," ","T",76," "," ","T",0," "," ","T",0," "," ","T",0," "," ","T",0," "," ","T",76," "," ","T",203," "," ","T",279," "," ","T",330," "," ","T",356," "," ","T",330," "," ","T",NA," "," "," "
"394","USS0012L05S",2016,5,"TMAX",58," "," ","T",72," "," ","T",125," "," ","T",153," "," ","T",157," "," ","T",94," "," ","T",51," "," ","T",52," "," ","T",129," "," ","T",70," "," ","T",96," "," ","T",162," "," ","T",187," "," ","T",178," "," ","T",124," "," ","T",58," "," ","T",78," "," ","T",120," "," ","T",146," "," ","T",133," "," ","T",110," "," ","T",89," "," ","T",128," "," ","T",104," "," ","T",123," "," ","T",89," "," ","T",110," "," ","T",141," "," ","T",146," "," ","T",153," "," ","T",158," "," ","T"
"395","USS0012L05S",2016,5,"TMIN",-36," "," ","T",-15," "," ","T",7," "," ","T",20," "," ","T",48," "," ","T",-13," "," ","T",-16," "," ","T",-31," "," ","T",17," "," ","T",-7," "," ","T",-24," "," ","T",-1," "," ","T",42," "," ","T",57," "," ","T",21," "," ","T",6," "," ","T",-2," "," ","T",4," "," ","T",20," "," ","T",62," "," ","T",-4," "," ","T",-8," "," ","T",-8," "," ","T",11," "," ","T",-4," "," ","T",4," "," ","T",-1," "," ","T",22," "," ","T",35," "," ","T",29," "," ","T",28," "," ","T"
"396","USS0012L05S",2016,5,"TOBS",-7," "," ","T",20," "," ","T",32," "," ","T",70," "," ","T",85," "," ","T",-9," "," ","T",-16," "," ","T",21," "," ","T",26," "," ","T",-7," "," ","T",9," "," ","T",57," "," ","T",79," "," ","T",74," "," ","T",23," "," ","T",7," "," ","T",9," "," ","T",23," "," ","T",80," "," ","T",72," "," ","T",1," "," ","T",12," "," ","T",40," "," ","T",28," "," ","T",30," "," ","T",5," "," ","T",31," "," ","T",44," "," ","T",53," "," ","T",54," "," ","T",55," "," ","T"
"397","USS0012L05S",2016,5,"PRCP",0," "," ","T",0," "," ","T",0," "," ","T",0," "," ","T",0," "," ","T",0," "," ","T",51," "," ","T",127," "," ","T",152," "," ","T",0," "," ","T",0," "," ","T",0," "," ","T",0," "," ","T",0," "," ","T",25," "," ","T",51," "," ","T",25," "," ","T",0," "," ","T",0," "," ","T",0," "," ","T",0," "," ","T",0," "," ","T",0," "," ","T",0," "," ","T",0," "," ","T",25," "," ","T",0," "," ","T",25," "," ","T",0," "," ","T",0," "," ","T",0," "," ","T"
"398","USS0012L05S",2016,5,"SNWD",51," "," ","T",0," "," ","T",0," "," ","T",0," "," ","T",0," "," ","T",0," "," ","T",0," "," ","T",51," "," ","T",0," "," ","T",0," "," ","T",0," "," ","T",0," "," ","T",0," "," ","T",0," "," ","T",0," "," ","T",0," "," ","T",0," "," ","T",0," "," ","T",0," "," ","T",0," "," ","T",0," "," ","T",0," "," ","T",0," "," ","T",0," "," ","T",0," "," ","T",0," "," ","T",0," "," ","T",0," "," ","T",0," "," ","T",0," "," ","T",0," "," ","T"
"399","USS0012L05S",2016,5,"TAVG",12," "," ","T",29," "," ","T",64," "," ","T",91," "," ","T",104," "," ","T",46," "," ","T",6," "," ","T",18," "," ","T",67," "," ","T",25," "," ","T",37," "," ","T",84," "," ","T",118," "," ","T",120," "," ","T",74," "," ","T",32," "," ","T",31," "," ","T",55," "," ","T",91," "," ","T",94," "," ","T",60," "," ","T",39," "," ","T",64," "," ","T",53," "," ","T",57," "," ","T",43," "," ","T",55," "," ","T",72," "," ","T",91," "," ","T",99," "," ","T",94," "," ","T"
"400","USS0012L05S",2016,5,"WESD",279," "," ","T",0," "," ","T",0," "," ","T",0," "," ","T",0," "," ","T",0," "," ","T",0," "," ","T",127," "," ","T",0," "," ","T",0," "," ","T",0," "," ","T",0," "," ","T",0," "," ","T",0," "," ","T",0," "," ","T",0," "," ","T",0," "," ","T",0," "," ","T",0," "," ","T",0," "," ","T",0," "," ","T",0," "," ","T",0," "," ","T",0," "," ","T",0," "," ","T",0," "," ","T",0," "," ","T",0," "," ","T",0," "," ","T",0," "," ","T",0," "," ","T"
"401","USS0012L05S",2016,6,"TMAX",181," "," ","T",211," "," ","T",202," "," ","T",214," "," ","T",246," "," ","T",237," "," ","T",220," "," ","T",216," "," ","T",236," "," ","T",233," "," ","T",164," "," ","T",192," "," ","T",148," "," ","T",186," "," ","T",196," "," ","T",190," "," ","T",209," "," ","T",238," "," ","T",249," "," ","T",271," "," ","T",261," "," ","T",256," "," ","T",253," "," ","T",243," "," ","T",224," "," ","T",242," "," ","T",257," "," ","T",247," "," ","T",227," "," ","T",193," "," ","T",NA," "," "," "
"402","USS0012L05S",2016,6,"TMIN",26," "," ","T",55," "," ","T",86," "," ","T",74," "," ","T",95," "," ","T",100," "," ","T",79," "," ","T",90," "," ","T",114," "," ","T",103," "," ","T",73," "," ","T",63," "," ","T",49," "," ","T",54," "," ","T",64," "," ","T",44," "," ","T",74," "," ","T",59," "," ","T",93," "," ","T",120," "," ","T",127," "," ","T",114," "," ","T",124," "," ","T",103," "," ","T",83," "," ","T",90," "," ","T",110," "," ","T",117," "," ","T",93," "," ","T",94," "," ","T",NA," "," "," "
"403","USS0012L05S",2016,6,"TOBS",75," "," ","T",123," "," ","T",87," "," ","T",117," "," ","T",128," "," ","T",111," "," ","T",129," "," ","T",150," "," ","T",140," "," ","T",125," "," ","T",74," "," ","T",93," "," ","T",65," "," ","T",76," "," ","T",82," "," ","T",98," "," ","T",106," "," ","T",141," "," ","T",140," "," ","T",155," "," ","T",132," "," ","T",166," "," ","T",151," "," ","T",117," "," ","T",102," "," ","T",120," "," ","T",141," "," ","T",129," "," ","T",94," "," ","T",99," "," ","T",NA," "," "," "
"404","USS0012L05S",2016,6,"PRCP",0," "," ","T",0," "," ","T",0," "," ","T",0," "," ","T",0," "," ","T",0," "," ","T",0," "," ","T",0," "," ","T",0," "," ","T",0," "," ","T",0," "," ","T",0," "," ","T",0," "," ","T",0," "," ","T",0," "," ","T",0," "," ","T",0," "," ","T",0," "," ","T",0," "," ","T",0," "," ","T",0," "," ","T",0," "," ","T",0," "," ","T",0," "," ","T",0," "," ","T",0," "," ","T",0," "," ","T",0," "," ","T",0," "," ","T",0," "," ","T",NA," "," "," "
"405","USS0012L05S",2016,6,"SNWD",0," "," ","T",0," "," ","T",0," "," ","T",0," "," ","T",0," "," ","T",0," "," ","T",0," "," ","T",0," "," ","T",0," "," ","T",0," "," ","T",0," "," ","T",0," "," ","T",0," "," ","T",0," "," ","T",0," "," ","T",0," "," ","T",0," "," ","T",0," "," ","T",0," "," ","T",0," "," ","T",0," "," ","T",0," "," ","T",0," "," ","T",0," "," ","T",0," "," ","T",0," "," ","T",0," "," ","T",0," "," ","T",0," "," ","T",0," "," ","T",NA," "," "," "
"406","USS0012L05S",2016,6,"TAVG",109," "," ","T",141," "," ","T",145," "," ","T",151," "," ","T",166," "," ","T",171," "," ","T",152," "," ","T",159," "," ","T",173," "," ","T",164," "," ","T",120," "," ","T",131," "," ","T",96," "," ","T",124," "," ","T",130," "," ","T",126," "," ","T",142," "," ","T",159," "," ","T",173," "," ","T",198," "," ","T",198," "," ","T",176," "," ","T",192," "," ","T",178," "," ","T",155," "," ","T",165," "," ","T",176," "," ","T",169," "," ","T",145," "," ","T",137," "," ","T",NA," "," "," "
"407","USS0012L05S",2016,6,"WESD",0," "," ","T",0," "," ","T",0," "," ","T",0," "," ","T",0," "," ","T",0," "," ","T",0," "," ","T",0," "," ","T",0," "," ","T",0," "," ","T",0," "," ","T",0," "," ","T",0," "," ","T",0," "," ","T",0," "," ","T",0," "," ","T",0," "," ","T",0," "," ","T",0," "," ","T",0," "," ","T",0," "," ","T",0," "," ","T",0," "," ","T",0," "," ","T",0," "," ","T",0," "," ","T",0," "," ","T",0," "," ","T",0," "," ","T",0," "," ","T",NA," "," "," "
"408","USS0012L05S",2016,7,"TMAX",145," "," ","T",168," "," ","T",187," "," ","T",216," "," ","T",218," "," ","T",213," "," ","T",226," "," ","T",220," "," ","T",225," "," ","T",212," "," ","T",190," "," ","T",228," "," ","T",226," "," ","T",245," "," ","T",255," "," ","T",236," "," ","T",243," "," ","T",209," "," ","T",213," "," ","T",238," "," ","T",235," "," ","T",253," "," ","T",258," "," ","T",271," "," ","T",243," "," ","T",262," "," ","T",273," "," ","T",273," "," ","T",259," "," ","T",230," "," ","T",213," "," ","T"
"409","USS0012L05S",2016,7,"TMIN",88," "," ","T",71," "," ","T",79," "," ","T",95," "," ","T",123," "," ","T",92," "," ","T",83," "," ","T",86," "," ","T",85," "," ","T",81," "," ","T",27," "," ","T",74," "," ","T",80," "," ","T",94," "," ","T",105," "," ","T",138," "," ","T",119," "," ","T",94," "," ","T",90," "," ","T",89," "," ","T",119," "," ","T",109," "," ","T",118," "," ","T",110," "," ","T",121," "," ","T",118," "," ","T",122," "," ","T",135," "," ","T",131," "," ","T",106," "," ","T",96," "," ","T"
"410","USS0012L05S",2016,7,"TOBS",105," "," ","T",104," "," ","T",118," "," ","T",130," "," ","T",142," "," ","T",129," "," ","T",90," "," ","T",135," "," ","T",95," "," ","T",96," "," ","T",96," "," ","T",132," "," ","T",114," "," ","T",121," "," ","T",155," "," ","T",147," "," ","T",141," "," ","T",97," "," ","T",103," "," ","T",142," "," ","T",123," "," ","T",173," "," ","T",164," "," ","T",157," "," ","T",164," "," ","T",131," "," ","T",152," "," ","T",150," "," ","T",147," "," ","T",113," "," ","T",107," "," ","T"
"411","USS0012L05S",2016,7,"PRCP",127," "," ","T",102," "," ","T",0," "," ","T",0," "," ","T",0," "," ","T",0," "," ","T",0," "," ","T",0," "," ","T",0," "," ","T",0," "," ","T",0," "," ","T",0," "," ","T",0," "," ","T",0," "," ","T",0," "," ","T",0," "," ","T",0," "," ","T",25," "," ","T",51," "," ","T",0," "," ","T",51," "," ","T",0," "," ","T",0," "," ","T",0," "," ","T",0," "," ","T",0," "," ","T",0," "," ","T",0," "," ","T",0," "," ","T",76," "," ","T",0," "," ","T"
"412","USS0012L05S",2016,7,"SNWD",0," "," ","T",0," "," ","T",0," "," ","T",0," "," ","T",0," "," ","T",0," "," ","T",0," "," ","T",0," "," ","T",0," "," ","T",0," "," ","T",0," "," ","T",0," "," ","T",0," "," ","T",0," "," ","T",0," "," ","T",0," "," ","T",0," "," ","T",0," "," ","T",0," "," ","T",0," "," ","T",0," "," ","T",0," "," ","T",0," "," ","T",0," "," ","T",0," "," ","T",0," "," ","T",0," "," ","T",0," "," ","T",0," "," ","T",0," "," ","T",0," "," ","T"
"413","USS0012L05S",2016,7,"TAVG",108," "," ","T",116," "," ","T",127," "," ","T",161," "," ","T",168," "," ","T",162," "," ","T",160," "," ","T",162," "," ","T",160," "," ","T",155," "," ","T",118," "," ","T",157," "," ","T",158," "," ","T",171," "," ","T",186," "," ","T",180," "," ","T",178," "," ","T",148," "," ","T",140," "," ","T",159," "," ","T",156," "," ","T",177," "," ","T",194," "," ","T",190," "," ","T",174," "," ","T",181," "," ","T",191," "," ","T",199," "," ","T",183," "," ","T",154," "," ","T",149," "," ","T"
"414","USS0012L05S",2016,7,"WESD",0," "," ","T",0," "," ","T",0," "," ","T",0," "," ","T",0," "," ","T",0," "," ","T",0," "," ","T",0," "," ","T",0," "," ","T",0," "," ","T",0," "," ","T",0," "," ","T",0," "," ","T",0," "," ","T",0," "," ","T",0," "," ","T",0," "," ","T",0," "," ","T",0," "," ","T",0," "," ","T",0," "," ","T",0," "," ","T",0," "," ","T",0," "," ","T",0," "," ","T",0," "," ","T",0," "," ","T",0," "," ","T",0," "," ","T",0," "," ","T",0," "," ","T"
"415","USS0012L05S",2016,8,"TMAX",217," "," ","T",240," "," ","T",233," "," ","T",203," "," ","T",199," "," ","T",214," "," ","T",230," "," ","T",231," "," ","T",221," "," ","T",203," "," ","T",199," "," ","T",220," "," ","T",220," "," ","T",231," "," ","T",238," "," ","T",239," "," ","T",204," "," ","T",202," "," ","T",208," "," ","T",208," "," ","T",220," "," ","T",203," "," ","T",178," "," ","T",186," "," ","T",170," "," ","T",179," "," ","T",158," "," ","T",192," "," ","T",220," "," ","T",220," "," ","T",228," "," ","T"
"416","USS0012L05S",2016,8,"TMIN",107," "," ","T",114," "," ","T",113," "," ","T",101," "," ","T",94," "," ","T",85," "," ","T",100," "," ","T",94," "," ","T",90," "," ","T",81," "," ","T",90," "," ","T",80," "," ","T",96," "," ","T",94," "," ","T",98," "," ","T",89," "," ","T",94," "," ","T",86," "," ","T",83," "," ","T",91," "," ","T",81," "," ","T",101," "," ","T",73," "," ","T",64," "," ","T",53," "," ","T",46," "," ","T",62," "," ","T",57," "," ","T",97," "," ","T",89," "," ","T",99," "," ","T"
"417","USS0012L05S",2016,8,"TOBS",152," "," ","T",147," "," ","T",127," "," ","T",119," "," ","T",112," "," ","T",108," "," ","T",144," "," ","T",117," "," ","T",127," "," ","T",91," "," ","T",98," "," ","T",113," "," ","T",101," "," ","T",138," "," ","T",102," "," ","T",148," "," ","T",122," "," ","T",98," "," ","T",102," "," ","T",105," "," ","T",130," "," ","T",102," "," ","T",74," "," ","T",83," "," ","T",67," "," ","T",67," "," ","T",70," "," ","T",103," "," ","T",120," "," ","T",109," "," ","T",137," "," ","T"
"418","USS0012L05S",2016,8,"PRCP",0," "," ","T",0," "," ","T",76," "," ","T",25," "," ","T",25," "," ","T",0," "," ","T",0," "," ","T",0," "," ","T",0," "," ","T",0," "," ","T",0," "," ","T",0," "," ","T",0," "," ","T",0," "," ","T",0," "," ","T",0," "," ","T",51," "," ","T",0," "," ","T",0," "," ","T",0," "," ","T",0," "," ","T",0," "," ","T",25," "," ","T",0," "," ","T",25," "," ","T",25," "," ","T",0," "," ","T",0," "," ","T",0," "," ","T",0," "," ","T",0," "," ","T"
"419","USS0012L05S",2016,8,"SNWD",0," "," ","T",0," "," ","T",0," "," ","T",0," "," ","T",0," "," ","T",0," "," ","T",0," "," ","T",0," "," ","T",0," "," ","T",0," "," ","T",0," "," ","T",0," "," ","T",0," "," ","T",0," "," ","T",0," "," ","T",0," "," ","T",0," "," ","T",0," "," ","T",0," "," ","T",0," "," ","T",0," "," ","T",0," "," ","T",0," "," ","T",0," "," ","T",0," "," ","T",0," "," ","T",0," "," ","T",0," "," ","T",0," "," ","T",0," "," ","T",0," "," ","T"
"420","USS0012L05S",2016,8,"TAVG",155," "," ","T",173," "," ","T",149," "," ","T",132," "," ","T",131," "," ","T",143," "," ","T",161," "," ","T",163," "," ","T",160," "," ","T",135," "," ","T",140," "," ","T",148," "," ","T",157," "," ","T",163," "," ","T",159," "," ","T",157," "," ","T",145," "," ","T",136," "," ","T",150," "," ","T",149," "," ","T",151," "," ","T",131," "," ","T",122," "," ","T",127," "," ","T",102," "," ","T",97," "," ","T",101," "," ","T",120," "," ","T",153," "," ","T",148," "," ","T",157," "," ","T"
"421","USS0012L05S",2016,8,"WESD",0," "," ","T",0," "," ","T",0," "," ","T",0," "," ","T",0," "," ","T",0," "," ","T",0," "," ","T",0," "," ","T",0," "," ","T",0," "," ","T",0," "," ","T",0," "," ","T",0," "," ","T",0," "," ","T",0," "," ","T",0," "," ","T",0," "," ","T",0," "," ","T",0," "," ","T",0," "," ","T",0," "," ","T",0," "," ","T",0," "," ","T",0," "," ","T",0," "," ","T",0," "," ","T",0," "," ","T",0," "," ","T",0," "," ","T",0," "," ","T",0," "," ","T"
"422","USS0012L05S",2016,9,"TMAX",177," "," ","T",200," "," ","T",196," "," ","T",178," "," ","T",177," "," ","T",187," "," ","T",195," "," ","T",194," "," ","T",179," "," ","T",209," "," ","T",211," "," ","T",186," "," ","T",167," "," ","T",130," "," ","T",144," "," ","T",152," "," ","T",163," "," ","T",204," "," ","T",223," "," ","T",180," "," ","T",127," "," ","T",138," "," ","T",63," "," ","T",72," "," ","T",125," "," ","T",168," "," ","T",177," "," ","T",159," "," ","T",128," "," ","T",159," "," ","T",NA," "," "," "
"423","USS0012L05S",2016,9,"TMIN",90," "," ","T",77," "," ","T",76," "," ","T",72," "," ","T",52," "," ","T",52," "," ","T",52," "," ","T",66," "," ","T",59," "," ","T",50," "," ","T",105," "," ","T",62," "," ","T",53," "," ","T",19," "," ","T",7," "," ","T",5," "," ","T",27," "," ","T",54," "," ","T",81," "," ","T",56," "," ","T",64," "," ","T",-9," "," ","T",-20," "," ","T",-2," "," ","T",-6," "," ","T",14," "," ","T",45," "," ","T",41," "," ","T",34," "," ","T",33," "," ","T",NA," "," "," "
"424","USS0012L05S",2016,9,"TOBS",90," "," ","T",111," "," ","T",100," "," ","T",96," "," ","T",60," "," ","T",92," "," ","T",84," "," ","T",103," "," ","T",58," "," ","T",125," "," ","T",118," "," ","T",94," "," ","T",55," "," ","T",21," "," ","T",24," "," ","T",34," "," ","T",61," "," ","T",97," "," ","T",123," "," ","T",64," "," ","T",93," "," ","T",-9," "," ","T",13," "," ","T",29," "," ","T",44," "," ","T",66," "," ","T",72," "," ","T",69," "," ","T",54," "," ","T",53," "," ","T",NA," "," "," "
"425","USS0012L05S",2016,9,"PRCP",25," "," ","T",0," "," ","T",0," "," ","T",25," "," ","T",0," "," ","T",0," "," ","T",0," "," ","T",0," "," ","T",0," "," ","T",0," "," ","T",0," "," ","T",0," "," ","T",76," "," ","T",25," "," ","T",0," "," ","T",0," "," ","T",0," "," ","T",0," "," ","T",0," "," ","T",0," "," ","T",51," "," ","T",356," "," ","T",127," "," ","T",0," "," ","T",0," "," ","T",0," "," ","T",0," "," ","T",25," "," ","T",51," "," ","T",0," "," ","T",NA," "," "," "
"426","USS0012L05S",2016,9,"SNWD",0," "," ","T",0," "," ","T",0," "," ","T",0," "," ","T",0," "," ","T",0," "," ","T",0," "," ","T",0," "," ","T",0," "," ","T",0," "," ","T",0," "," ","T",0," "," ","T",0," "," ","T",0," "," ","T",0," "," ","T",0," "," ","T",0," "," ","T",0," "," ","T",0," "," ","T",0," "," ","T",0," "," ","T",51," "," ","T",0," "," ","T",0," "," ","T",0," "," ","T",0," "," ","T",0," "," ","T",0," "," ","T",0," "," ","T",0," "," ","T",NA," "," "," "
"427","USS0012L05S",2016,9,"TAVG",124," "," ","T",137," "," ","T",131," "," ","T",124," "," ","T",109," "," ","T",119," "," ","T",128," "," ","T",133," "," ","T",117," "," ","T",138," "," ","T",148," "," ","T",126," "," ","T",97," "," ","T",75," "," ","T",68," "," ","T",77," "," ","T",94," "," ","T",135," "," ","T",149," "," ","T",119," "," ","T",91," "," ","T",75," "," ","T",12," "," ","T",30," "," ","T",61," "," ","T",93," "," ","T",105," "," ","T",93," "," ","T",76," "," ","T",88," "," ","T",NA," "," "," "
"428","USS0012L05S",2016,9,"WESD",0," "," ","T",0," "," ","T",0," "," ","T",0," "," ","T",0," "," ","T",0," "," ","T",0," "," ","T",0," "," ","T",0," "," ","T",0," "," ","T",0," "," ","T",0," "," ","T",0," "," ","T",0," "," ","T",0," "," ","T",0," "," ","T",0," "," ","T",0," "," ","T",0," "," ","T",0," "," ","T",0," "," ","T",102," "," ","T",0," "," ","T",0," "," ","T",0," "," ","T",0," "," ","T",0," "," ","T",0," "," ","T",0," "," ","T",0," "," ","T",NA," "," "," "
"429","USS0012L05S",2016,10,"TMAX",150," "," ","T",147," "," ","T",58," "," ","T",79," "," ","T",90," "," ","T",66," "," ","T",118," "," ","T",152," "," ","T",159," "," ","T",145," "," ","T",145," "," ","T",150," "," ","T",154," "," ","T",134," "," ","T",158," "," ","T",146," "," ","T",106," "," ","T",115," "," ","T",73," "," ","T",145," "," ","T",160," "," ","T",164," "," ","T",145," "," ","T",115," "," ","T",115," "," ","T",146," "," ","T",150," "," ","T",142," "," ","T",133," "," ","T",105," "," ","T",107," "," ","T"
"430","USS0012L05S",2016,10,"TMIN",43," "," ","T",33," "," ","T",-42," "," ","T",-44," "," ","T",-18," "," ","T",-46," "," ","T",-26," "," ","T",6," "," ","T",30," "," ","T",35," "," ","T",38," "," ","T",26," "," ","T",24," "," ","T",1," "," ","T",-25," "," ","T",25," "," ","T",-3," "," ","T",-14," "," ","T",-52," "," ","T",-26," "," ","T",27," "," ","T",27," "," ","T",12," "," ","T",17," "," ","T",4," "," ","T",-6," "," ","T",-2," "," ","T",36," "," ","T",21," "," ","T",10," "," ","T",-5," "," ","T"
"431","USS0012L05S",2016,10,"TOBS",55," "," ","T",56," "," ","T",-26," "," ","T",15," "," ","T",-6," "," ","T",-14," "," ","T",31," "," ","T",42," "," ","T",74," "," ","T",74," "," ","T",63," "," ","T",45," "," ","T",59," "," ","T",32," "," ","T",51," "," ","T",49," "," ","T",20," "," ","T",-10," "," ","T",-23," "," ","T",40," "," ","T",73," "," ","T",45," "," ","T",75," "," ","T",34," "," ","T",31," "," ","T",50," "," ","T",86," "," ","T",58," "," ","T",68," "," ","T",54," "," ","T",32," "," ","T"
"432","USS0012L05S",2016,10,"PRCP",0," "," ","T",25," "," ","T",25," "," ","T",0," "," ","T",25," "," ","T",0," "," ","T",0," "," ","T",0," "," ","T",0," "," ","T",0," "," ","T",0," "," ","T",0," "," ","T",0," "," ","T",0," "," ","T",0," "," ","T",0," "," ","T",0," "," ","T",0," "," ","T",0," "," ","T",0," "," ","T",0," "," ","T",0," "," ","T",0," "," ","T",102," "," ","T",0," "," ","T",0," "," ","T",0," "," ","T",51," "," ","T",0," "," ","T",0," "," ","T",0," "," ","T"
"433","USS0012L05S",2016,10,"SNWD",0," "," ","T",0," "," ","T",0," "," ","T",0," "," ","T",0," "," ","T",0," "," ","T",0," "," ","T",0," "," ","T",0," "," ","T",0," "," ","T",0," "," ","T",0," "," ","T",0," "," ","T",0," "," ","T",0," "," ","T",0," "," ","T",0," "," ","T",0," "," ","T",0," "," ","T",0," "," ","T",0," "," ","T",0," "," ","T",0," "," ","T",0," "," ","T",0," "," ","T",0," "," ","T",0," "," ","T",0," "," ","T",0," "," ","T",0," "," ","T",0," "," ","T"
"434","USS0012L05S",2016,10,"TAVG",94," "," ","T",86," "," ","T",16," "," ","T",18," "," ","T",31," "," ","T",9," "," ","T",43," "," ","T",72," "," ","T",91," "," ","T",89," "," ","T",79," "," ","T",78," "," ","T",84," "," ","T",71," "," ","T",85," "," ","T",76," "," ","T",45," "," ","T",39," "," ","T",8," "," ","T",52," "," ","T",92," "," ","T",89," "," ","T",82," "," ","T",60," "," ","T",54," "," ","T",67," "," ","T",84," "," ","T",82," "," ","T",74," "," ","T",55," "," ","T",49," "," ","T"
"435","USS0012L05S",2016,10,"WESD",0," "," ","T",0," "," ","T",0," "," ","T",0," "," ","T",0," "," ","T",0," "," ","T",0," "," ","T",0," "," ","T",0," "," ","T",0," "," ","T",0," "," ","T",0," "," ","T",0," "," ","T",0," "," ","T",0," "," ","T",0," "," ","T",0," "," ","T",0," "," ","T",0," "," ","T",0," "," ","T",0," "," ","T",0," "," ","T",0," "," ","T",0," "," ","T",0," "," ","T",0," "," ","T",0," "," ","T",0," "," ","T",0," "," ","T",0," "," ","T",0," "," ","T"
"436","USS0012L05S",2016,11,"TMAX",68," "," ","T",82," "," ","T",115," "," ","T",83," "," ","T",97," "," ","T",115," "," ","T",119," "," ","T",122," "," ","T",134," "," ","T",131," "," ","T",125," "," ","T",104," "," ","T",97," "," ","T",144," "," ","T",163," "," ","T",101," "," ","T",-49," "," ","T",19," "," ","T",96," "," ","T",101," "," ","T",31," "," ","T",18," "," ","T",35," "," ","T",28," "," ","T",38," "," ","T",38," "," ","T",-24," "," ","T",-45," "," ","T",-53," "," ","T",-16," "," ","T",NA," "," "," "
"437","USS0012L05S",2016,11,"TMIN",-24," "," ","T",-34," "," ","T",-5," "," ","T",22," "," ","T",11," "," ","T",0," "," ","T",-6," "," ","T",-15," "," ","T",-9," "," ","T",-3," "," ","T",-6," "," ","T",-11," "," ","T",-10," "," ","T",8," "," ","T",44," "," ","T",-49," "," ","T",-131," "," ","T",-144," "," ","T",-49," "," ","T",10," "," ","T",-21," "," ","T",-54," "," ","T",-74," "," ","T",-118," "," ","T",-67," "," ","T",-45," "," ","T",-68," "," ","T",-96," "," ","T",-153," "," ","T",-164," "," ","T",NA," "," "," "
"438","USS0012L05S",2016,11,"TOBS",-11," "," ","T",1," "," ","T",51," "," ","T",39," "," ","T",13," "," ","T",15," "," ","T",18," "," ","T",25," "," ","T",33," "," ","T",25," "," ","T",28," "," ","T",46," "," ","T",20," "," ","T",78," "," ","T",74," "," ","T",-49," "," ","T",-131," "," ","T",-44," "," ","T",52," "," ","T",10," "," ","T",-19," "," ","T",-40," "," ","T",-72," "," ","T",-59," "," ","T",-25," "," ","T",-37," "," ","T",-64," "," ","T",-96," "," ","T",-146," "," ","T",-68," "," ","T",NA," "," "," "
"439","USS0012L05S",2016,11,"PRCP",51," "," ","T",0," "," ","T",0," "," ","T",0," "," ","T",0," "," ","T",0," "," ","T",0," "," ","T",0," "," ","T",0," "," ","T",0," "," ","T",0," "," ","T",0," "," ","T",0," "," ","T",0," "," ","T",0," "," ","T",25," "," ","T",0," "," ","T",25," "," ","T",25," "," ","T",0," "," ","T",152," "," ","T",0," "," ","T",0," "," ","T",25," "," ","T",0," "," ","T",25," "," ","T",51," "," ","T",127," "," ","T",51," "," ","T",0," "," ","T",NA," "," "," "
"440","USS0012L05S",2016,11,"SNWD",0," "," ","T",0," "," ","T",0," "," ","T",0," "," ","T",0," "," ","T",0," "," ","T",0," "," ","T",0," "," ","T",0," "," ","T",0," "," ","T",0," "," ","T",0," "," ","T",0," "," ","T",0," "," ","T",0," "," ","T",0," "," ","T",0," "," ","T",0," "," ","T",0," "," ","T",0," "," ","T",152," "," ","T",127," "," ","T",152," "," ","T",127," "," ","T",127," "," ","T",127," "," ","T",203," "," ","T",279," "," ","T",229," "," ","T",229," "," ","T",NA," "," "," "
"441","USS0012L05S",2016,11,"TAVG",20," "," ","T",17," "," ","T",50," "," ","T",48," "," ","T",42," "," ","T",51," "," ","T",48," "," ","T",52," "," ","T",54," "," ","T",59," "," ","T",53," "," ","T",48," "," ","T",40," "," ","T",72," "," ","T",99," "," ","T",52," "," ","T",-87," "," ","T",-51," "," ","T",34," "," ","T",51," "," ","T",2," "," ","T",-27," "," ","T",-27," "," ","T",-44," "," ","T",-18," "," ","T",-5," "," ","T",-48," "," ","T",-70," "," ","T",-93," "," ","T",-87," "," ","T",NA," "," "," "
"442","USS0012L05S",2016,11,"WESD",0," "," ","T",0," "," ","T",0," "," ","T",0," "," ","T",0," "," ","T",0," "," ","T",0," "," ","T",0," "," ","T",0," "," ","T",0," "," ","T",0," "," ","T",0," "," ","T",0," "," ","T",0," "," ","T",0," "," ","T",0," "," ","T",0," "," ","T",0," "," ","T",0," "," ","T",0," "," ","T",152," "," ","T",152," "," ","T",152," "," ","T",152," "," ","T",152," "," ","T",178," "," ","T",229," "," ","T",330," "," ","T",381," "," ","T",381," "," ","T",NA," "," "," "
"443","USS0012L05S",2016,12,"TMAX",-27," "," ","T",-48," "," ","T",1," "," ","T",61," "," ","T",20," "," ","T",-3," "," ","T",-68," "," ","T",21," "," ","T",64," "," ","T",62," "," ","T",25," "," ","T",24," "," ","T",45," "," ","T",67," "," ","T",60," "," ","T",25," "," ","T",-77," "," ","T",-35," "," ","T",71," "," ","T",94," "," ","T",44," "," ","T",22," "," ","T",56," "," ","T",-2," "," ","T",-69," "," ","T",-33," "," ","T",41," "," ","T",27," "," ","T",71," "," ","T",48," "," ","T",36," "," ","T"
"444","USS0012L05S",2016,12,"TMIN",-106," "," ","T",-155," "," ","T",-150," "," ","T",-91," "," ","T",-64," "," ","T",-120," "," ","T",-159," "," ","T",-151," "," ","T",-18," "," ","T",11," "," ","T",-7," "," ","T",-37," "," ","T",-46," "," ","T",-2," "," ","T",2," "," ","T",-77," "," ","T",-201," "," ","T",-214," "," ","T",-135," "," ","T",-35," "," ","T",-40," "," ","T",-53," "," ","T",-86," "," ","T",-70," "," ","T",-181," "," ","T",-201," "," ","T",-95," "," ","T",-55," "," ","T",-64," "," ","T",-38," "," ","T",-74," "," ","T"
"445","USS0012L05S",2016,12,"TOBS",-93," "," ","T",-105," "," ","T",-86," "," ","T",12," "," ","T",-40," "," ","T",-123," "," ","T",-149," "," ","T",6," "," ","T",30," "," ","T",11," "," ","T",7," "," ","T",-33," "," ","T",1," "," ","T",49," "," ","T",4," "," ","T",-77," "," ","T",-193," "," ","T",-124," "," ","T",-8," "," ","T",-26," "," ","T",-27," "," ","T",-33," "," ","T",-20," "," ","T",-69," "," ","T",-180," "," ","T",-94," "," ","T",12," "," ","T",-46," "," ","T",-32," "," ","T",-29," "," ","T",-46," "," ","T"
"446","USS0012L05S",2016,12,"PRCP",0," "," ","T",0," "," ","T",0," "," ","T",0," "," ","T",0," "," ","T",0," "," ","T",0," "," ","T",25," "," ","T",0," "," ","T",25," "," ","T",0," "," ","T",0," "," ","T",0," "," ","T",0," "," ","T",25," "," ","T",254," "," ","T",0," "," ","T",0," "," ","T",0," "," ","T",0," "," ","T",0," "," ","T",25," "," ","T",0," "," ","T",127," "," ","T",0," "," ","T",0," "," ","T",0," "," ","T",0," "," ","T",0," "," ","T",0," "," ","T",0," "," ","T"
"447","USS0012L05S",2016,12,"SNWD",203," "," ","T",203," "," ","T",203," "," ","T",203," "," ","T",203," "," ","T",178," "," ","T",152," "," ","T",178," "," ","T",178," "," ","T",203," "," ","T",203," "," ","T",203," "," ","T",203," "," ","T",178," "," ","T",203," "," ","T",406," "," ","T",356," "," ","T",330," "," ","T",330," "," ","T",330," "," ","T",330," "," ","T",406," "," ","T",381," "," ","T",457," "," ","T",483," "," ","T",457," "," ","T",432," "," ","T",406," "," ","T",406," "," ","T",406," "," ","T",406," "," ","T"
"448","USS0012L05S",2016,12,"TAVG",-69," "," ","T",-100," "," ","T",-66," "," ","T",-5," "," ","T",-23," "," ","T",-49," "," ","T",-123," "," ","T",-28," "," ","T",23," "," ","T",36," "," ","T",6," "," ","T",-4," "," ","T",-2," "," ","T",39," "," ","T",38," "," ","T",-13," "," ","T",-145," "," ","T",-133," "," ","T",-23," "," ","T",26," "," ","T",-10," "," ","T",-19," "," ","T",-29," "," ","T",-28," "," ","T",-106," "," ","T",-126," "," ","T",-4," "," ","T",-7," "," ","T",-8," "," ","T",1," "," ","T",-24," "," ","T"
"449","USS0012L05S",2016,12,"WESD",381," "," ","T",381," "," ","T",381," "," ","T",381," "," ","T",381," "," ","T",381," "," ","T",381," "," ","T",432," "," ","T",432," "," ","T",457," "," ","T",457," "," ","T",457," "," ","T",457," "," ","T",457," "," ","T",483," "," ","T",737," "," ","T",737," "," ","T",737," "," ","T",737," "," ","T",737," "," ","T",737," "," ","T",787," "," ","T",787," "," ","T",889," "," ","T",889," "," ","T",889," "," ","T",889," "," ","T",889," "," ","T",889," "," ","T",889," "," ","T",889," "," ","T"
"450","USS0012L05S",2017,1,"TMAX",7," "," ","T",-27," "," ","T",-8," "," ","T",6," "," ","T",-3," "," ","T",-29," "," ","T",1," "," ","T",48," "," ","T",39," "," ","T",12," "," ","T",3," "," ","T",-21," "," ","T",19," "," ","T",15," "," ","T",29," "," ","T",13," "," ","T",75," "," ","T",86," "," ","T",-6," "," ","T",-20," "," ","T",-45," "," ","T",-23," "," ","T",-26," "," ","T",-64," "," ","T",-79," "," ","T",-95," "," ","T",-27," "," ","T",36," "," ","T",79," "," ","T",79," "," ","T",75," "," ","T"
"451","USS0012L05S",2017,1,"TMIN",-80," "," ","T",-60," "," ","T",-64," "," ","T",-31," "," ","T",-177," "," ","T",-223," "," ","T",-124," "," ","T",-5," "," ","T",-24," "," ","T",-37," "," ","T",-48," "," ","T",-49," "," ","T",-62," "," ","T",-76," "," ","T",-93," "," ","T",-108," "," ","T",-96," "," ","T",-70," "," ","T",-78," "," ","T",-92," "," ","T",-120," "," ","T",-122," "," ","T",-109," "," ","T",-177," "," ","T",-192," "," ","T",-198," "," ","T",-184," "," ","T",-108," "," ","T",-44," "," ","T",-36," "," ","T",-7," "," ","T"
"452","USS0012L05S",2017,1,"TOBS",-42," "," ","T",-56," "," ","T",-27," "," ","T",-7," "," ","T",-165," "," ","T",-122," "," ","T",-3," "," ","T",35," "," ","T",-18," "," ","T",-17," "," ","T",-41," "," ","T",-36," "," ","T",-62," "," ","T",-20," "," ","T",-86," "," ","T",-81," "," ","T",-61," "," ","T",-40," "," ","T",-57," "," ","T",-52," "," ","T",-96," "," ","T",-42," "," ","T",-92," "," ","T",-177," "," ","T",-193," "," ","T",-129," "," ","T",-69," "," ","T",-12," "," ","T",-23," "," ","T",8," "," ","T",-5," "," ","T"
"453","USS0012L05S",2017,1,"PRCP",0," "," ","T",0," "," ","T",25," "," ","T",0," "," ","T",76," "," ","T",0," "," ","T",25," "," ","T",51," "," ","T",127," "," ","T",51," "," ","T",25," "," ","T",76," "," ","T",25," "," ","T",0," "," ","T",0," "," ","T",0," "," ","T",0," "," ","T",25," "," ","T",25," "," ","T",76," "," ","T",127," "," ","T",25," "," ","T",0," "," ","T",0," "," ","T",25," "," ","T",0," "," ","T",51," "," ","T",0," "," ","T",0," "," ","T",0," "," ","T",0," "," ","T"
"454","USS0012L05S",2017,1,"SNWD",406," "," ","T",406," "," ","T",381," "," ","T",381," "," ","T",457," "," ","T",457," "," ","T",432," "," ","T",432," "," ","T",457," "," ","T",457," "," ","T",508," "," ","T",610," "," ","T",584," "," ","T",559," "," ","T",533," "," ","T",533," "," ","T",533," "," ","T",533," "," ","T",584," "," ","T",660," "," ","T",787," "," ","T",686," "," ","T",610," "," ","T",610," "," ","T",635," "," ","T",610," "," ","T",610," "," ","T",584," "," ","T",584," "," ","T",559," "," ","T",559," "," ","T"
"455","USS0012L05S",2017,1,"TAVG",-35," "," ","T",-46," "," ","T",-41," "," ","T",-14," "," ","T",-53," "," ","T",-124," "," ","T",-43," "," ","T",26," "," ","T",3," "," ","T",-14," "," ","T",-24," "," ","T",-36," "," ","T",-31," "," ","T",-32," "," ","T",-31," "," ","T",-61," "," ","T",-37," "," ","T",-11," "," ","T",-32," "," ","T",-56," "," ","T",-65," "," ","T",-59," "," ","T",-58," "," ","T",-107," "," ","T",-134," "," ","T",-135," "," ","T",-91," "," ","T",-31," "," ","T",9," "," ","T",20," "," ","T",31," "," ","T"
"456","USS0012L05S",2017,1,"WESD",889," "," ","T",889," "," ","T",914," "," ","T",914," "," ","T",991," "," ","T",991," "," ","T",991," "," ","T",1016," "," ","T",1041," "," ","T",1041," "," ","T",1067," "," ","T",1143," "," ","T",1168," "," ","T",1168," "," ","T",1168," "," ","T",1168," "," ","T",1168," "," ","T",1168," "," ","T",1194," "," ","T",1270," "," ","T",1397," "," ","T",1422," "," ","T",1422," "," ","T",1422," "," ","T",1448," "," ","T",1448," "," ","T",1473," "," ","T",1473," "," ","T",1473," "," ","T",1473," "," ","T",1473," "," ","T"
"457","USS0012L05S",2017,2,"TMAX",86," "," ","T",40," "," ","T",36," "," ","T",62," "," ","T",62," "," ","T",13," "," ","T",51," "," ","T",70," "," ","T",103," "," ","T",83," "," ","T",29," "," ","T",52," "," ","T",55," "," ","T",64," "," ","T",87," "," ","T",104," "," ","T",15," "," ","T",19," "," ","T",34," "," ","T",66," "," ","T",59," "," ","T",41," "," ","T",-73," "," ","T",-88," "," ","T",-42," "," ","T",-16," "," ","T",-34," "," ","T",-52," "," ","T",NA," "," "," ",NA," "," "," ",NA," "," "," "
"458","USS0012L05S",2017,2,"TMIN",-30," "," ","T",-34," "," ","T",-43," "," ","T",-40," "," ","T",-51," "," ","T",-12," "," ","T",-4," "," ","T",2," "," ","T",12," "," ","T",12," "," ","T",-41," "," ","T",-47," "," ","T",-31," "," ","T",-41," "," ","T",-51," "," ","T",-27," "," ","T",-18," "," ","T",-24," "," ","T",-42," "," ","T",-57," "," ","T",2," "," ","T",-97," "," ","T",-152," "," ","T",-173," "," ","T",-174," "," ","T",-146," "," ","T",-96," "," ","T",-139," "," ","T",NA," "," "," ",NA," "," "," ",NA," "," "," "
"459","USS0012L05S",2017,2,"TOBS",5," "," ","T",-31," "," ","T",1," "," ","T",-6," "," ","T",1," "," ","T",1," "," ","T",28," "," ","T",34," "," ","T",63," "," ","T",19," "," ","T",-32," "," ","T",-3," "," ","T",0," "," ","T",2," "," ","T",-15," "," ","T",-7," "," ","T",-10," "," ","T",-4," "," ","T",-33," "," ","T",26," "," ","T",3," "," ","T",-91," "," ","T",-108," "," ","T",-166," "," ","T",-102," "," ","T",-52," "," ","T",-87," "," ","T",-130," "," ","T",NA," "," "," ",NA," "," "," ",NA," "," "," "
"460","USS0012L05S",2017,2,"PRCP",0," "," ","T",0," "," ","T",25," "," ","T",0," "," ","T",0," "," ","T",0," "," ","T",0," "," ","T",0," "," ","T",0," "," ","T",0," "," ","T",25," "," ","T",0," "," ","T",0," "," ","T",0," "," ","T",0," "," ","T",0," "," ","T",51," "," ","T",0," "," ","T",0," "," ","T",0," "," ","T",25," "," ","T",25," "," ","T",0," "," ","T",25," "," ","T",51," "," ","T",0," "," ","T",76," "," ","T",0," "," ","T",NA," "," "," ",NA," "," "," ",NA," "," "," "
"461","USS0012L05S",2017,2,"SNWD",559," "," ","T",559," "," ","T",559," "," ","T",559," "," ","T",533," "," ","T",533," "," ","T",533," "," ","T",508," "," ","T",483," "," ","T",457," "," ","T",457," "," ","T",457," "," ","T",457," "," ","T",457," "," ","T",457," "," ","T",457," "," ","T",483," "," ","T",457," "," ","T",457," "," ","T",457," "," ","T",457," "," ","T",483," "," ","T",457," "," ","T",483," "," ","T",483," "," ","T",457," "," ","T",584," "," ","T",559," "," ","T",NA," "," "," ",NA," "," "," ",NA," "," "," "
"462","USS0012L05S",2017,2,"TAVG",27," "," ","T",2," "," ","T",-3," "," ","T",6," "," ","T",10," "," ","T",-1," "," ","T",19," "," ","T",32," "," ","T",62," "," ","T",50," "," ","T",-4," "," ","T",-7," "," ","T",6," "," ","T",8," "," ","T",12," "," ","T",27," "," ","T",-3," "," ","T",-9," "," ","T",-3," "," ","T",6," "," ","T",27," "," ","T",-12," "," ","T",-101," "," ","T",-123," "," ","T",-104," "," ","T",-69," "," ","T",-54," "," ","T",-87," "," ","T",NA," "," "," ",NA," "," "," ",NA," "," "," "
"463","USS0012L05S",2017,2,"WESD",1473," "," ","T",1473," "," ","T",1473," "," ","T",1473," "," ","T",1473," "," ","T",1473," "," ","T",1473," "," ","T",1422," "," ","T",1397," "," ","T",1397," "," ","T",1422," "," ","T",1422," "," ","T",1422," "," ","T",1422," "," ","T",1422," "," ","T",1422," "," ","T",1473," "," ","T",1473," "," ","T",1473," "," ","T",1473," "," ","T",1473," "," ","T",1499," "," ","T",1499," "," ","T",1524," "," ","T",1575," "," ","T",1575," "," ","T",1651," "," ","T",1651," "," ","T",NA," "," "," ",NA," "," "," ",NA," "," "," "
"464","USS0012L05S",2017,3,"TMAX",-3," "," ","T",71," "," ","T",78," "," ","T",62," "," ","T",34," "," ","T",-72," "," ","T",60," "," ","T",102," "," ","T",119," "," ","T",138," "," ","T",116," "," ","T",88," "," ","T",110," "," ","T",144," "," ","T",132," "," ","T",120," "," ","T",146," "," ","T",144," "," ","T",137," "," ","T",114," "," ","T",115," "," ","T",102," "," ","T",23," "," ","T",95," "," ","T",36," "," ","T",73," "," ","T",54," "," ","T",13," "," ","T",87," "," ","T",87," "," ","T",43," "," ","T"
"465","USS0012L05S",2017,3,"TMIN",-161," "," ","T",-97," "," ","T",-58," "," ","T",-17," "," ","T",-104," "," ","T",-130," "," ","T",-93," "," ","T",-41," "," ","T",-19," "," ","T",14," "," ","T",-12," "," ","T",-11," "," ","T",-16," "," ","T",15," "," ","T",7," "," ","T",16," "," ","T",21," "," ","T",32," "," ","T",24," "," ","T",41," "," ","T",29," "," ","T",-11," "," ","T",-34," "," ","T",-80," "," ","T",-33," "," ","T",-68," "," ","T",-25," "," ","T",-49," "," ","T",-56," "," ","T",-15," "," ","T",-21," "," ","T"
"466","USS0012L05S",2017,3,"TOBS",-89," "," ","T",-44," "," ","T",-14," "," ","T",3," "," ","T",-104," "," ","T",-87," "," ","T",-27," "," ","T",30," "," ","T",19," "," ","T",24," "," ","T",-2," "," ","T",-1," "," ","T",28," "," ","T",36," "," ","T",48," "," ","T",56," "," ","T",49," "," ","T",57," "," ","T",76," "," ","T",65," "," ","T",53," "," ","T",-11," "," ","T",-31," "," ","T",8," "," ","T",-32," "," ","T",6," "," ","T",-25," "," ","T",-48," "," ","T",30," "," ","T",-15," "," ","T",1," "," ","T"
"467","USS0012L05S",2017,3,"PRCP",0," "," ","T",0," "," ","T",0," "," ","T",0," "," ","T",102," "," ","T",51," "," ","T",0," "," ","T",0," "," ","T",0," "," ","T",0," "," ","T",0," "," ","T",0," "," ","T",0," "," ","T",0," "," ","T",0," "," ","T",0," "," ","T",0," "," ","T",0," "," ","T",0," "," ","T",0," "," ","T",0," "," ","T",127," "," ","T",76," "," ","T",0," "," ","T",25," "," ","T",0," "," ","T",127," "," ","T",0," "," ","T",0," "," ","T",51," "," ","T",102," "," ","T"
"468","USS0012L05S",2017,3,"SNWD",533," "," ","T",508," "," ","T",483," "," ","T",457," "," ","T",610," "," ","T",610," "," ","T",559," "," ","T",533," "," ","T",508," "," ","T",483," "," ","T",457," "," ","T",432," "," ","T",406," "," ","T",381," "," ","T",330," "," ","T",305," "," ","T",279," "," ","T",229," "," ","T",178," "," ","T",152," "," ","T",127," "," ","T",229," "," ","T",305," "," ","T",203," "," ","T",203," "," ","T",178," "," ","T",279," "," ","T",254," "," ","T",203," "," ","T",254," "," ","T",279," "," ","T"
"469","USS0012L05S",2017,3,"TAVG",-78," "," ","T",-21," "," ","T",14," "," ","T",22," "," ","T",-7," "," ","T",-99," "," ","T",-18," "," ","T",29," "," ","T",49," "," ","T",58," "," ","T",39," "," ","T",36," "," ","T",48," "," ","T",73," "," ","T",76," "," ","T",75," "," ","T",81," "," ","T",88," "," ","T",83," "," ","T",79," "," ","T",70," "," ","T",42," "," ","T",-19," "," ","T",17," "," ","T",2," "," ","T",4," "," ","T",0," "," ","T",-22," "," ","T",23," "," ","T",29," "," ","T",3," "," ","T"
"470","USS0012L05S",2017,3,"WESD",1651," "," ","T",1651," "," ","T",1651," "," ","T",1651," "," ","T",1753," "," ","T",1803," "," ","T",1803," "," ","T",1803," "," ","T",1803," "," ","T",1803," "," ","T",1727," "," ","T",1702," "," ","T",1651," "," ","T",1575," "," ","T",1499," "," ","T",1397," "," ","T",1245," "," ","T",1067," "," ","T",914," "," ","T",787," "," ","T",584," "," ","T",711," "," ","T",813," "," ","T",813," "," ","T",838," "," ","T",813," "," ","T",965," "," ","T",965," "," ","T",965," "," ","T",1016," "," ","T",1092," "," ","T"
"471","USS0012L05S",2017,4,"TMAX",76," "," ","T",72," "," ","T",47," "," ","T",1," "," ","T",92," "," ","T",124," "," ","T",115," "," ","T",73," "," ","T",23," "," ","T",86," "," ","T",105," "," ","T",137," "," ","T",135," "," ","T",99," "," ","T",104," "," ","T",134," "," ","T",130," "," ","T",138," "," ","T",82," "," ","T",88," "," ","T",47," "," ","T",127," "," ","T",141," "," ","T",73," "," ","T",21," "," ","T",78," "," ","T",21," "," ","T",-19," "," ","T",22," "," ","T",75," "," ","T",NA," "," "," "
"472","USS0012L05S",2017,4,"TMIN",-11," "," ","T",-30," "," ","T",-54," "," ","T",-73," "," ","T",-66," "," ","T",-3," "," ","T",51," "," ","T",-57," "," ","T",-88," "," ","T",-65," "," ","T",-16," "," ","T",-11," "," ","T",17," "," ","T",-6," "," ","T",-33," "," ","T",2," "," ","T",24," "," ","T",-4," "," ","T",-27," "," ","T",-18," "," ","T",-43," "," ","T",-55," "," ","T",22," "," ","T",-4," "," ","T",-44," "," ","T",-48," "," ","T",-45," "," ","T",-72," "," ","T",-51," "," ","T",-51," "," ","T",NA," "," "," "
"473","USS0012L05S",2017,4,"TOBS",2," "," ","T",-11," "," ","T",-48," "," ","T",-57," "," ","T",1," "," ","T",56," "," ","T",53," "," ","T",-53," "," ","T",-49," "," ","T",-7," "," ","T",24," "," ","T",33," "," ","T",37," "," ","T",-8," "," ","T",10," "," ","T",52," "," ","T",27," "," ","T",-3," "," ","T",-1," "," ","T",-18," "," ","T",-31," "," ","T",33," "," ","T",35," "," ","T",-3," "," ","T",-31," "," ","T",8," "," ","T",-44," "," ","T",-41," "," ","T",-47," "," ","T",18," "," ","T",NA," "," "," "
"474","USS0012L05S",2017,4,"PRCP",25," "," ","T",0," "," ","T",25," "," ","T",0," "," ","T",0," "," ","T",0," "," ","T",25," "," ","T",25," "," ","T",0," "," ","T",0," "," ","T",0," "," ","T",0," "," ","T",0," "," ","T",0," "," ","T",0," "," ","T",0," "," ","T",0," "," ","T",76," "," ","T",25," "," ","T",25," "," ","T",0," "," ","T",0," "," ","T",25," "," ","T",25," "," ","T",25," "," ","T",102," "," ","T",25," "," ","T",152," "," ","T",0," "," ","T",0," "," ","T",NA," "," "," "
"475","USS0012L05S",2017,4,"SNWD",229," "," ","T",203," "," ","T",229," "," ","T",203," "," ","T",203," "," ","T",152," "," ","T",127," "," ","T",152," "," ","T",127," "," ","T",127," "," ","T",102," "," ","T",76," "," ","T",51," "," ","T",25," "," ","T",0," "," ","T",0," "," ","T",0," "," ","T",25," "," ","T",0," "," ","T",0," "," ","T",0," "," ","T",0," "," ","T",0," "," ","T",0," "," ","T",0," "," ","T",51," "," ","T",76," "," ","T",127," "," ","T",76," "," ","T",25," "," ","T",NA," "," "," "
"476","USS0012L05S",2017,4,"TAVG",18," "," ","T",17," "," ","T",-14," "," ","T",-44," "," ","T",18," "," ","T",59," "," ","T",72," "," ","T",25," "," ","T",-37," "," ","T",10," "," ","T",44," "," ","T",64," "," ","T",77," "," ","T",40," "," ","T",34," "," ","T",68," "," ","T",78," "," ","T",64," "," ","T",29," "," ","T",30," "," ","T",-2," "," ","T",42," "," ","T",72," "," ","T",36," "," ","T",-12," "," ","T",15," "," ","T",-12," "," ","T",-49," "," ","T",-18," "," ","T",22," "," ","T",NA," "," "," "
"477","USS0012L05S",2017,4,"WESD",1067," "," ","T",965," "," ","T",1016," "," ","T",1016," "," ","T",991," "," ","T",813," "," ","T",660," "," ","T",686," "," ","T",686," "," ","T",584," "," ","T",483," "," ","T",305," "," ","T",203," "," ","T",102," "," ","T",0," "," ","T",0," "," ","T",0," "," ","T",51," "," ","T",0," "," ","T",0," "," ","T",0," "," ","T",0," "," ","T",0," "," ","T",0," "," ","T",0," "," ","T",127," "," ","T",178," "," ","T",254," "," ","T",229," "," ","T",76," "," ","T",NA," "," "," "
"478","USS0012L05S",2017,5,"TMAX",93," "," ","T",99," "," ","T",135," "," ","T",174," "," ","T",192," "," ","T",166," "," ","T",126," "," ","T",118," "," ","T",126," "," ","T",107," "," ","T",163," "," ","T",168," "," ","T",121," "," ","T",133," "," ","T",116," "," ","T",91," "," ","T",24," "," ","T",11," "," ","T",59," "," ","T",99," "," ","T",125," "," ","T",132," "," ","T",159," "," ","T",192," "," ","T",142," "," ","T",155," "," ","T",119," "," ","T",158," "," ","T",173," "," ","T",190," "," ","T",175," "," ","T"
"479","USS0012L05S",2017,5,"TMIN",2," "," ","T",2," "," ","T",-4," "," ","T",25," "," ","T",53," "," ","T",61," "," ","T",15," "," ","T",6," "," ","T",17," "," ","T",24," "," ","T",14," "," ","T",46," "," ","T",31," "," ","T",-12," "," ","T",-5," "," ","T",-16," "," ","T",-67," "," ","T",-72," "," ","T",-35," "," ","T",-18," "," ","T",10," "," ","T",4," "," ","T",25," "," ","T",84," "," ","T",63," "," ","T",30," "," ","T",16," "," ","T",11," "," ","T",38," "," ","T",56," "," ","T",60," "," ","T"
"480","USS0012L05S",2017,5,"TOBS",51," "," ","T",10," "," ","T",26," "," ","T",69," "," ","T",83," "," ","T",64," "," ","T",18," "," ","T",54," "," ","T",37," "," ","T",29," "," ","T",73," "," ","T",73," "," ","T",33," "," ","T",56," "," ","T",-6," "," ","T",8," "," ","T",-60," "," ","T",-27," "," ","T",-7," "," ","T",27," "," ","T",15," "," ","T",40," "," ","T",99," "," ","T",118," "," ","T",88," "," ","T",32," "," ","T",22," "," ","T",49," "," ","T",74," "," ","T",96," "," ","T",61," "," ","T"
"481","USS0012L05S",2017,5,"PRCP",0," "," ","T",0," "," ","T",0," "," ","T",0," "," ","T",0," "," ","T",0," "," ","T",0," "," ","T",0," "," ","T",127," "," ","T",0," "," ","T",0," "," ","T",0," "," ","T",0," "," ","T",0," "," ","T",0," "," ","T",0," "," ","T",51," "," ","T",0," "," ","T",0," "," ","T",0," "," ","T",0," "," ","T",0," "," ","T",0," "," ","T",0," "," ","T",0," "," ","T",0," "," ","T",0," "," ","T",0," "," ","T",0," "," ","T",0," "," ","T",0," "," ","T"
"482","USS0012L05S",2017,5,"SNWD",0," "," ","T",0," "," ","T",0," "," ","T",0," "," ","T",0," "," ","T",0," "," ","T",0," "," ","T",0," "," ","T",0," "," ","T",0," "," ","T",0," "," ","T",0," "," ","T",0," "," ","T",0," "," ","T",0," "," ","T",0," "," ","T",0," "," ","T",0," "," ","T",0," "," ","T",0," "," ","T",0," "," ","T",0," "," ","T",0," "," ","T",0," "," ","T",0," "," ","T",0," "," ","T",0," "," ","T",0," "," ","T",0," "," ","T",0," "," ","T",0," "," ","T"
"483","USS0012L05S",2017,5,"TAVG",45," "," ","T",57," "," ","T",70," "," ","T",102," "," ","T",128," "," ","T",108," "," ","T",77," "," ","T",60," "," ","T",64," "," ","T",57," "," ","T",91," "," ","T",110," "," ","T",80," "," ","T",72," "," ","T",51," "," ","T",37," "," ","T",-20," "," ","T",-28," "," ","T",11," "," ","T",45," "," ","T",65," "," ","T",76," "," ","T",101," "," ","T",141," "," ","T",101," "," ","T",96," "," ","T",67," "," ","T",87," "," ","T",110," "," ","T",119," "," ","T",117," "," ","T"
"484","USS0012L05S",2017,5,"WESD",0," "," ","T",0," "," ","T",0," "," ","T",0," "," ","T",0," "," ","T",0," "," ","T",0," "," ","T",0," "," ","T",0," "," ","T",0," "," ","T",0," "," ","T",0," "," ","T",0," "," ","T",0," "," ","T",0," "," ","T",0," "," ","T",0," "," ","T",0," "," ","T",0," "," ","T",0," "," ","T",0," "," ","T",0," "," ","T",0," "," ","T",0," "," ","T",0," "," ","T",0," "," ","T",0," "," ","T",0," "," ","T",0," "," ","T",0," "," ","T",0," "," ","T"
"485","USS0012L05S",2017,6,"TMAX",154," "," ","T",188," "," ","T",215," "," ","T",222," "," ","T",212," "," ","T",220," "," ","T",231," "," ","T",204," "," ","T",211," "," ","T",208," "," ","T",186," "," ","T",89," "," ","T",156," "," ","T",194," "," ","T",221," "," ","T",226," "," ","T",215," "," ","T",216," "," ","T",250," "," ","T",256," "," ","T",260," "," ","T",225," "," ","T",221," "," ","T",233," "," ","T",241," "," ","T",254," "," ","T",232," "," ","T",228," "," ","T",204," "," ","T",209," "," ","T",NA," "," "," "
"486","USS0012L05S",2017,6,"TMIN",56," "," ","T",52," "," ","T",68," "," ","T",108," "," ","T",91," "," ","T",77," "," ","T",79," "," ","T",74," "," ","T",62," "," ","T",76," "," ","T",62," "," ","T",21," "," ","T",17," "," ","T",41," "," ","T",71," "," ","T",84," "," ","T",103," "," ","T",87," "," ","T",84," "," ","T",124," "," ","T",129," "," ","T",97," "," ","T",84," "," ","T",76," "," ","T",78," "," ","T",106," "," ","T",108," "," ","T",90," "," ","T",65," "," ","T",74," "," ","T",NA," "," "," "
"487","USS0012L05S",2017,6,"TOBS",86," "," ","T",74," "," ","T",111," "," ","T",136," "," ","T",96," "," ","T",132," "," ","T",96," "," ","T",95," "," ","T",112," "," ","T",101," "," ","T",89," "," ","T",33," "," ","T",84," "," ","T",106," "," ","T",135," "," ","T",154," "," ","T",127," "," ","T",98," "," ","T",152," "," ","T",134," "," ","T",172," "," ","T",104," "," ","T",92," "," ","T",97," "," ","T",136," "," ","T",135," "," ","T",145," "," ","T",124," "," ","T",110," "," ","T",94," "," ","T",NA," "," "," "
"488","USS0012L05S",2017,6,"PRCP",0," "," ","T",0," "," ","T",0," "," ","T",0," "," ","T",0," "," ","T",0," "," ","T",0," "," ","T",0," "," ","T",0," "," ","T",0," "," ","T",0," "," ","T",0," "," ","T",0," "," ","T",0," "," ","T",0," "," ","T",0," "," ","T",0," "," ","T",0," "," ","T",0," "," ","T",0," "," ","T",0," "," ","T",0," "," ","T",0," "," ","T",0," "," ","T",0," "," ","T",0," "," ","T",0," "," ","T",0," "," ","T",0," "," ","T",0," "," ","T",NA," "," "," "
"489","USS0012L05S",2017,6,"SNWD",0," "," ","T",0," "," ","T",0," "," ","T",0," "," ","T",0," "," ","T",0," "," ","T",0," "," ","T",0," "," ","T",0," "," ","T",0," "," ","T",0," "," ","T",0," "," ","T",0," "," ","T",0," "," ","T",0," "," ","T",0," "," ","T",0," "," ","T",0," "," ","T",0," "," ","T",0," "," ","T",0," "," ","T",0," "," ","T",0," "," ","T",0," "," ","T",0," "," ","T",0," "," ","T",0," "," ","T",0," "," ","T",0," "," ","T",0," "," ","T",NA," "," "," "
"490","USS0012L05S",2017,6,"TAVG",96," "," ","T",120," "," ","T",144," "," ","T",165," "," ","T",152," "," ","T",154," "," ","T",155," "," ","T",146," "," ","T",145," "," ","T",142," "," ","T",125," "," ","T",58," "," ","T",87," "," ","T",124," "," ","T",152," "," ","T",169," "," ","T",166," "," ","T",150," "," ","T",175," "," ","T",188," "," ","T",202," "," ","T",178," "," ","T",157," "," ","T",152," "," ","T",167," "," ","T",174," "," ","T",174," "," ","T",168," "," ","T",146," "," ","T",144," "," ","T",NA," "," "," "
"491","USS0012L05S",2017,6,"WESD",0," "," ","T",0," "," ","T",0," "," ","T",0," "," ","T",0," "," ","T",0," "," ","T",0," "," ","T",0," "," ","T",0," "," ","T",0," "," ","T",0," "," ","T",0," "," ","T",0," "," ","T",0," "," ","T",0," "," ","T",0," "," ","T",0," "," ","T",0," "," ","T",0," "," ","T",0," "," ","T",0," "," ","T",0," "," ","T",0," "," ","T",0," "," ","T",0," "," ","T",0," "," ","T",0," "," ","T",0," "," ","T",0," "," ","T",0," "," ","T",NA," "," "," "
"492","USS0012L05S",2017,7,"TMAX",252," "," ","T",237," "," ","T",236," "," ","T",260," "," ","T",305," "," ","T",260," "," ","T",258," "," ","T",250," "," ","T",236," "," ","T",221," "," ","T",218," "," ","T",213," "," ","T",211," "," ","T",237," "," ","T",248," "," ","T",248," "," ","T",243," "," ","T",244," "," ","T",243," "," ","T",243," "," ","T",236," "," ","T",251," "," ","T",236," "," ","T",220," "," ","T",155," "," ","T",198," "," ","T",232," "," ","T",200," "," ","T",224," "," ","T",212," "," ","T",219," "," ","T"
"493","USS0012L05S",2017,7,"TMIN",88," "," ","T",106," "," ","T",97," "," ","T",107," "," ","T",119," "," ","T",122," "," ","T",133," "," ","T",123," "," ","T",116," "," ","T",109," "," ","T",94," "," ","T",93," "," ","T",98," "," ","T",106," "," ","T",108," "," ","T",129," "," ","T",116," "," ","T",115," "," ","T",116," "," ","T",107," "," ","T",104," "," ","T",96," "," ","T",113," "," ","T",107," "," ","T",95," "," ","T",88," "," ","T",95," "," ","T",106," "," ","T",96," "," ","T",92," "," ","T",97," "," ","T"
"494","USS0012L05S",2017,7,"TOBS",162," "," ","T",116," "," ","T",125," "," ","T",138," "," ","T",174," "," ","T",140," "," ","T",165," "," ","T",129," "," ","T",139," "," ","T",142," "," ","T",102," "," ","T",108," "," ","T",125," "," ","T",142," "," ","T",136," "," ","T",136," "," ","T",141," "," ","T",159," "," ","T",116," "," ","T",123," "," ","T",112," "," ","T",131," "," ","T",134," "," ","T",108," "," ","T",104," "," ","T",103," "," ","T",125," "," ","T",108," "," ","T",109," "," ","T",111," "," ","T",129," "," ","T"
"495","USS0012L05S",2017,7,"PRCP",0," "," ","T",0," "," ","T",0," "," ","T",0," "," ","T",0," "," ","T",0," "," ","T",0," "," ","T",25," "," ","T",0," "," ","T",0," "," ","T",0," "," ","T",25," "," ","T",0," "," ","T",25," "," ","T",0," "," ","T",0," "," ","T",0," "," ","T",0," "," ","T",51," "," ","T",0," "," ","T",0," "," ","T",0," "," ","T",76," "," ","T",102," "," ","T",203," "," ","T",51," "," ","T",0," "," ","T",51," "," ","T",0," "," ","T",0," "," ","T",127," "," ","T"
"496","USS0012L05S",2017,7,"SNWD",0," "," ","T",0," "," ","T",0," "," ","T",0," "," ","T",0," "," ","T",0," "," ","T",0," "," ","T",0," "," ","T",0," "," ","T",0," "," ","T",0," "," ","T",0," "," ","T",0," "," ","T",0," "," ","T",0," "," ","T",0," "," ","T",0," "," ","T",0," "," ","T",0," "," ","T",0," "," ","T",0," "," ","T",0," "," ","T",0," "," ","T",0," "," ","T",0," "," ","T",0," "," ","T",0," "," ","T",0," "," ","T",0," "," ","T",0," "," ","T",0," "," ","T"
"497","USS0012L05S",2017,7,"TAVG",168," "," ","T",164," "," ","T",168," "," ","T",183," "," ","T",186," "," ","T",187," "," ","T",185," "," ","T",170," "," ","T",168," "," ","T",159," "," ","T",147," "," ","T",135," "," ","T",148," "," ","T",158," "," ","T",170," "," ","T",176," "," ","T",164," "," ","T",183," "," ","T",167," "," ","T",158," "," ","T",150," "," ","T",168," "," ","T",156," "," ","T",142," "," ","T",116," "," ","T",140," "," ","T",159," "," ","T",147," "," ","T",155," "," ","T",155," "," ","T",149," "," ","T"
"498","USS0012L05S",2017,7,"WESD",0," "," ","T",0," "," ","T",0," "," ","T",0," "," ","T",0," "," ","T",0," "," ","T",0," "," ","T",0," "," ","T",0," "," ","T",0," "," ","T",0," "," ","T",0," "," ","T",0," "," ","T",0," "," ","T",0," "," ","T",0," "," ","T",0," "," ","T",0," "," ","T",0," "," ","T",0," "," ","T",0," "," ","T",0," "," ","T",0," "," ","T",0," "," ","T",0," "," ","T",0," "," ","T",0," "," ","T",0," "," ","T",0," "," ","T",0," "," ","T",0," "," ","T"
"499","USS0012L05S",2017,8,"TMAX",235," "," ","T",238," "," ","T",231," "," ","T",229," "," ","T",198," "," ","T",197," "," ","T",188," "," ","T",194," "," ","T",213," "," ","T",225," "," ","T",204," "," ","T",187," "," ","T",205," "," ","T",197," "," ","T",173," "," ","T",179," "," ","T",199," "," ","T",219," "," ","T",221," "," ","T",209," "," ","T",209," "," ","T",209," "," ","T",209," "," ","T",196," "," ","T",NA," "," "," ",NA," "," "," ",NA," "," "," ",NA," "," "," ",NA," "," "," ",NA," "," "," ",NA," "," "," "
"500","USS0012L05S",2017,8,"TMIN",104," "," ","T",119," "," ","T",124," "," ","T",84," "," ","T",79," "," ","T",72," "," ","T",78," "," ","T",74," "," ","T",88," "," ","T",85," "," ","T",81," "," ","T",74," "," ","T",72," "," ","T",84," "," ","T",71," "," ","T",64," "," ","T",78," "," ","T",92," "," ","T",98," "," ","T",94," "," ","T",94," "," ","T",94," "," ","T",91," "," ","T",83," "," ","T",NA," "," "," ",NA," "," "," ",NA," "," "," ",NA," "," "," ",NA," "," "," ",NA," "," "," ",NA," "," "," "
"501","USS0012L05S",2017,8,"TOBS",134," "," ","T",124," "," ","T",131," "," ","T",84," "," ","T",110," "," ","T",84," "," ","T",90," "," ","T",101," "," ","T",107," "," ","T",144," "," ","T",97," "," ","T",76," "," ","T",119," "," ","T",86," "," ","T",85," "," ","T",90," "," ","T",100," "," ","T",117," "," ","T",117," "," ","T",107," "," ","T",157," "," ","T",167," "," ","T",102," "," ","T",94," "," ","T",NA," "," "," ",NA," "," "," ",NA," "," "," ",NA," "," "," ",NA," "," "," ",NA," "," "," ",NA," "," "," "
"502","USS0012L05S",2017,8,"PRCP",0," "," ","T",0," "," ","T",0," "," ","T",229," "," ","T",76," "," ","T",330," "," ","T",0," "," ","T",25," "," ","T",0," "," ","T",0," "," ","T",51," "," ","T",0," "," ","T",0," "," ","T",0," "," ","T",25," "," ","T",0," "," ","T",0," "," ","T",51," "," ","T",0," "," ","T",0," "," ","T",0," "," ","T",25," "," ","T",51," "," ","T",0," "," ","T",0," "," ","T",0," "," ","T",0," "," ","T",0," "," ","T",0," "," ","T",0," "," ","T",0," "," ","T"
"503","USS0012L05S",2017,8,"SNWD",0," "," ","T",0," "," ","T",0," "," ","T",0," "," ","T",0," "," ","T",0," "," ","T",0," "," ","T",0," "," ","T",0," "," ","T",0," "," ","T",0," "," ","T",0," "," ","T",0," "," ","T",0," "," ","T",0," "," ","T",0," "," ","T",0," "," ","T",0," "," ","T",0," "," ","T",0," "," ","T",0," "," ","T",0," "," ","T",0," "," ","T",0," "," ","T",0," "," ","T",0," "," ","T",0," "," ","T",0," "," ","T",0," "," ","T",0," "," ","T",0," "," ","T"
"504","USS0012L05S",2017,8,"TAVG",165," "," ","T",174," "," ","T",172," "," ","T",144," "," ","T",135," "," ","T",114," "," ","T",126," "," ","T",128," "," ","T",151," "," ","T",149," "," ","T",128," "," ","T",118," "," ","T",146," "," ","T",140," "," ","T",118," "," ","T",125," "," ","T",137," "," ","T",145," "," ","T",150," "," ","T",145," "," ","T",145," "," ","T",145," "," ","T",145," "," ","T",134," "," ","T",NA," "," "," ",NA," "," "," ",NA," "," "," ",NA," "," "," ",NA," "," "," ",NA," "," "," ",NA," "," "," "
"505","USS0012L05S",2017,8,"WESD",0," "," ","T",0," "," ","T",0," "," ","T",0," "," ","T",0," "," ","T",0," "," ","T",0," "," ","T",0," "," ","T",0," "," ","T",0," "," ","T",0," "," ","T",0," "," ","T",0," "," ","T",0," "," ","T",0," "," ","T",0," "," ","T",0," "," ","T",0," "," ","T",0," "," ","T",0," "," ","T",0," "," ","T",0," "," ","T",0," "," ","T",0," "," ","T",0," "," ","T",0," "," ","T",0," "," ","T",0," "," ","T",0," "," ","T",0," "," ","T",0," "," ","T"
"506","USS0012L05S",2017,9,"TMAX",208," "," ","T",225," "," ","T",250," "," ","T",244," "," ","T",253," "," ","T",220," "," ","T",208," "," ","T",178," "," ","T",132," "," ","T",194," "," ","T",226," "," ","T",212," "," ","T",200," "," ","T",115," "," ","T",92," "," ","T",136," "," ","T",143," "," ","T",162," "," ","T",148," "," ","T",158," "," ","T",151," "," ","T",95," "," ","T",67," "," ","T",9," "," ","T",80," "," ","T",105," "," ","T",120," "," ","T",92," "," ","T",128," "," ","T",140," "," ","T",NA," "," "," "
"507","USS0012L05S",2017,9,"TMIN",76," "," ","T",101," "," ","T",108," "," ","T",116," "," ","T",113," "," ","T",102," "," ","T",91," "," ","T",77," "," ","T",69," "," ","T",61," "," ","T",88," "," ","T",98," "," ","T",93," "," ","T",47," "," ","T",16," "," ","T",2," "," ","T",40," "," ","T",43," "," ","T",43," "," ","T",30," "," ","T",26," "," ","T",-20," "," ","T",-28," "," ","T",-37," "," ","T",-41," "," ","T",-17," "," ","T",6," "," ","T",17," "," ","T",9," "," ","T",38," "," ","T",NA," "," "," "
"508","USS0012L05S",2017,9,"TOBS",131," "," ","T",127," "," ","T",122," "," ","T",137," "," ","T",127," "," ","T",133," "," ","T",97," "," ","T",82," "," ","T",72," "," ","T",121," "," ","T",105," "," ","T",121," "," ","T",115," "," ","T",52," "," ","T",15," "," ","T",42," "," ","T",61," "," ","T",74," "," ","T",67," "," ","T",54," "," ","T",33," "," ","T",-19," "," ","T",-11," "," ","T",-31," "," ","T",-10," "," ","T",9," "," ","T",34," "," ","T",20," "," ","T",41," "," ","T",61," "," ","T",NA," "," "," "
"509","USS0012L05S",2017,9,"PRCP",0," "," ","T",0," "," ","T",0," "," ","T",0," "," ","T",25," "," ","T",0," "," ","T",0," "," ","T",25," "," ","T",25," "," ","T",0," "," ","T",25," "," ","T",0," "," ","T",25," "," ","T",229," "," ","T",102," "," ","T",0," "," ","T",0," "," ","T",0," "," ","T",0," "," ","T",0," "," ","T",0," "," ","T",25," "," ","T",51," "," ","T",0," "," ","T",0," "," ","T",0," "," ","T",0," "," ","T",51," "," ","T",0," "," ","T",0," "," ","T",NA," "," "," "
"510","USS0012L05S",2017,9,"SNWD",0," "," ","T",0," "," ","T",0," "," ","T",0," "," ","T",0," "," ","T",0," "," ","T",0," "," ","T",0," "," ","T",0," "," ","T",0," "," ","T",0," "," ","T",0," "," ","T",0," "," ","T",0," "," ","T",0," "," ","T",0," "," ","T",0," "," ","T",0," "," ","T",0," "," ","T",0," "," ","T",0," "," ","T",0," "," ","T",0," "," ","T",0," "," ","T",0," "," ","T",0," "," ","T",0," "," ","T",0," "," ","T",0," "," ","T",0," "," ","T",NA," "," "," "
"511","USS0012L05S",2017,9,"TAVG",147," "," ","T",161," "," ","T",167," "," ","T",175," "," ","T",165," "," ","T",149," "," ","T",134," "," ","T",121," "," ","T",94," "," ","T",126," "," ","T",139," "," ","T",137," "," ","T",134," "," ","T",74," "," ","T",54," "," ","T",68," "," ","T",86," "," ","T",102," "," ","T",93," "," ","T",92," "," ","T",88," "," ","T",36," "," ","T",4," "," ","T",-14," "," ","T",16," "," ","T",38," "," ","T",56," "," ","T",41," "," ","T",71," "," ","T",88," "," ","T",NA," "," "," "
"512","USS0012L05S",2017,9,"WESD",0," "," ","T",0," "," ","T",0," "," ","T",0," "," ","T",0," "," ","T",0," "," ","T",0," "," ","T",0," "," ","T",0," "," ","T",0," "," ","T",0," "," ","T",0," "," ","T",0," "," ","T",0," "," ","T",0," "," ","T",0," "," ","T",0," "," ","T",0," "," ","T",0," "," ","T",0," "," ","T",0," "," ","T",0," "," ","T",0," "," ","T",0," "," ","T",0," "," ","T",0," "," ","T",0," "," ","T",0," "," ","T",0," "," ","T",0," "," ","T",NA," "," "," "
"513","USS0012L05S",2017,10,"TMAX",95," "," ","T",29," "," ","T",81," "," ","T",154," "," ","T",140," "," ","T",75," "," ","T",161," "," ","T",144," "," ","T",42," "," ","T",104," "," ","T",150," "," ","T",142," "," ","T",122," "," ","T",57," "," ","T",140," "," ","T",178," "," ","T",191," "," ","T",158," "," ","T",150," "," ","T",124," "," ","T",65," "," ","T",133," "," ","T",124," "," ","T",255," ","S","T",156," "," ","T",105," "," ","T",112," "," ","T",115," "," ","T",146," "," ","T",137," "," ","T",93," "," ","T"
"514","USS0012L05S",2017,10,"TMIN",-5," "," ","T",-45," "," ","T",-48," "," ","T",25," "," ","T",-4," "," ","T",-6," "," ","T",6," "," ","T",-41," "," ","T",-46," "," ","T",-47," "," ","T",11," "," ","T",-11," "," ","T",-67," "," ","T",-33," "," ","T",-10," "," ","T",5," "," ","T",21," "," ","T",35," "," ","T",36," "," ","T",-50," "," ","T",-80," "," ","T",-7," "," ","T",18," "," ","T",16," "," ","T",18," "," ","T",-5," "," ","T",-14," "," ","T",1," "," ","T",-41," "," ","T",32," "," ","T",19," "," ","T"
"515","USS0012L05S",2017,10,"TOBS",-4," "," ","T",-41," "," ","T",64," "," ","T",27," "," ","T",-5," "," ","T",13," "," ","T",71," "," ","T",-37," "," ","T",-37," "," ","T",31," "," ","T",54," "," ","T",2," "," ","T",50," "," ","T",10," "," ","T",43," "," ","T",59," "," ","T",58," "," ","T",71," "," ","T",49," "," ","T",-45," "," ","T",0," "," ","T",78," "," ","T",53," "," ","T",36," "," ","T",51," "," ","T",2," "," ","T",58," "," ","T",19," "," ","T",43," "," ","T",55," "," ","T",31," "," ","T"
"516","USS0012L05S",2017,10,"PRCP",0," "," ","T",51," "," ","T",0," "," ","T",0," "," ","T",0," "," ","T",0," "," ","T",0," "," ","T",0," "," ","T",0," "," ","T",0," "," ","T",0," "," ","T",0," "," ","T",0," "," ","T",0," "," ","T",0," "," ","T",0," "," ","T",0," "," ","T",0," "," ","T",0," "," ","T",0," "," ","T",0," "," ","T",0," "," ","T",0," "," ","T",0," "," ","T",0," "," ","T",0," "," ","T",0," "," ","T",0," "," ","T",0," "," ","T",0," "," ","T",0," "," ","T"
"517","USS0012L05S",2017,10,"SNWD",0," "," ","T",0," "," ","T",0," "," ","T",0," "," ","T",0," "," ","T",0," "," ","T",0," "," ","T",0," "," ","T",0," "," ","T",0," "," ","T",0," "," ","T",0," "," ","T",0," "," ","T",0," "," ","T",0," "," ","T",0," "," ","T",0," "," ","T",0," "," ","T",0," "," ","T",0," "," ","T",0," "," ","T",0," "," ","T",0," "," ","T",0," "," ","T",0," "," ","T",0," "," ","T",0," "," ","T",0," "," ","T",0," "," ","T",0," "," ","T",0," "," ","T"
"518","USS0012L05S",2017,10,"TAVG",50," "," ","T",-9," "," ","T",21," "," ","T",81," "," ","T",72," "," ","T",29," "," ","T",92," "," ","T",50," "," ","T",-13," "," ","T",27," "," ","T",71," "," ","T",59," "," ","T",57," "," ","T",6," "," ","T",68," "," ","T",82," "," ","T",88," "," ","T",90," "," ","T",89," "," ","T",42," "," ","T",-4," "," ","T",70," "," ","T",67," "," ","T",75," "," ","T",76," "," ","T",51," "," ","T",51," "," ","T",53," "," ","T",82," "," ","T",78," "," ","T",52," "," ","T"
"519","USS0012L05S",2017,10,"WESD",0," "," ","T",0," "," ","T",0," "," ","T",0," "," ","T",0," "," ","T",0," "," ","T",0," "," ","T",0," "," ","T",0," "," ","T",0," "," ","T",0," "," ","T",0," "," ","T",0," "," ","T",0," "," ","T",0," "," ","T",0," "," ","T",0," "," ","T",0," "," ","T",0," "," ","T",0," "," ","T",0," "," ","T",0," "," ","T",0," "," ","T",0," "," ","T",0," "," ","T",0," "," ","T",0," "," ","T",0," "," ","T",0," "," ","T",0," "," ","T",0," "," ","T"
"520","USS0012L05S",2017,11,"TMAX",122," "," ","T",117," "," ","T",97," "," ","T",80," "," ","T",73," "," ","T",71," "," ","T",49," "," ","T",114," "," ","T",108," "," ","T",116," "," ","T",83," "," ","T",93," "," ","T",116," "," ","T",91," "," ","T",111," "," ","T",78," "," ","T",72," "," ","T",47," "," ","T",90," "," ","T",102," "," ","T",90," "," ","T",132," "," ","T",149," "," ","T",125," "," ","T",139," "," ","T",147," "," ","T",100," "," ","T",54," "," ","T",72," "," ","T",97," "," ","T",NA," "," "," "
"521","USS0012L05S",2017,11,"TMIN",1," "," ","T",4," "," ","T",13," "," ","T",19," "," ","T",-12," "," ","T",-43," "," ","T",-91," "," ","T",-80," "," ","T",-1," "," ","T",2," "," ","T",-19," "," ","T",-19," "," ","T",3," "," ","T",-12," "," ","T",-13," "," ","T",-3," "," ","T",-120," "," ","T",-139," "," ","T",-30," "," ","T",3," "," ","T",10," "," ","T",15," "," ","T",25," "," ","T",64," "," ","T",19," "," ","T",50," "," ","T",-36," "," ","T",-73," "," ","T",-20," "," ","T",-23," "," ","T",NA," "," "," "
"522","USS0012L05S",2017,11,"TOBS",35," "," ","T",24," "," ","T",25," "," ","T",24," "," ","T",9," "," ","T",-5," "," ","T",-69," "," ","T",3," "," ","T",30," "," ","T",16," "," ","T",-18," "," ","T",48," "," ","T",15," "," ","T",-10," "," ","T",37," "," ","T",42," "," ","T",-106," "," ","T",10," "," ","T",31," "," ","T",50," "," ","T",25," "," ","T",32," "," ","T",80," "," ","T",71," "," ","T",84," "," ","T",78," "," ","T",-35," "," ","T",-10," "," ","T",17," "," ","T",39," "," ","T",NA," "," "," "
"523","USS0012L05S",2017,11,"PRCP",0," "," ","T",0," "," ","T",0," "," ","T",51," "," ","T",0," "," ","T",0," "," ","T",0," "," ","T",0," "," ","T",0," "," ","T",0," "," ","T",0," "," ","T",0," "," ","T",0," "," ","T",0," "," ","T",0," "," ","T",0," "," ","T",76," "," ","T",0," "," ","T",0," "," ","T",25," "," ","T",0," "," ","T",0," "," ","T",0," "," ","T",0," "," ","T",0," "," ","T",0," "," ","T",0," "," ","T",0," "," ","T",0," "," ","T",0," "," ","T",NA," "," "," "
"524","USS0012L05S",2017,11,"SNWD",0," "," ","T",0," "," ","T",0," "," ","T",0," "," ","T",0," "," ","T",0," "," ","T",0," "," ","T",0," "," ","T",0," "," ","T",0," "," ","T",0," "," ","T",0," "," ","T",0," "," ","T",0," "," ","T",0," "," ","T",0," "," ","T",25," "," ","T",25," "," ","T",25," "," ","T",51," "," ","T",25," "," ","T",0," "," ","T",0," "," ","T",0," "," ","T",0," "," ","T",0," "," ","T",0," "," ","T",0," "," ","T",0," "," ","T",0," "," ","T",NA," "," "," "
"525","USS0012L05S",2017,11,"TAVG",57," "," ","T",55," "," ","T",43," "," ","T",40," "," ","T",27," "," ","T",20," "," ","T",-16," "," ","T",24," "," ","T",52," "," ","T",52," "," ","T",24," "," ","T",40," "," ","T",64," "," ","T",43," "," ","T",49," "," ","T",52," "," ","T",0," "," ","T",-37," "," ","T",30," "," ","T",55," "," ","T",48," "," ","T",60," "," ","T",86," "," ","T",88," "," ","T",77," "," ","T",95," "," ","T",41," "," ","T",-5," "," ","T",20," "," ","T",44," "," ","T",NA," "," "," "
"526","USS0012L05S",2017,11,"WESD",0," "," ","T",0," "," ","T",0," "," ","T",0," "," ","T",0," "," ","T",0," "," ","T",0," "," ","T",0," "," ","T",0," "," ","T",0," "," ","T",0," "," ","T",0," "," ","T",0," "," ","T",0," "," ","T",0," "," ","T",0," "," ","T",51," "," ","T",51," "," ","T",51," "," ","T",102," "," ","T",25," "," ","T",0," "," ","T",0," "," ","T",0," "," ","T",0," "," ","T",0," "," ","T",0," "," ","T",0," "," ","T",0," "," ","T",0," "," ","T",NA," "," "," "
"527","USS0012L05S",2017,12,"TMAX",86," "," ","T",93," "," ","T",77," "," ","T",-23," "," ","T",14," "," ","T",25," "," ","T",6," "," ","T",62," "," ","T",96," "," ","T",96," "," ","T",116," "," ","T",108," "," ","T",95," "," ","T",43," "," ","T",104," "," ","T",43," "," ","T",-8," "," ","T",52," "," ","T",78," "," ","T",70," "," ","T",-86," "," ","T",22," "," ","T",25," "," ","T",41," "," ","T",44," "," ","T",43," "," ","T",73," "," ","T",92," "," ","T",106," "," ","T",108," "," ","T",65," "," ","T"
"528","USS0012L05S",2017,12,"TMIN",-15," "," ","T",-16," "," ","T",-100," "," ","T",-142," "," ","T",-141," "," ","T",-120," "," ","T",-117," "," ","T",-31," "," ","T",-29," "," ","T",-35," "," ","T",-16," "," ","T",-6," "," ","T",-27," "," ","T",-72," "," ","T",-35," "," ","T",-70," "," ","T",-111," "," ","T",-68," "," ","T",-43," "," ","T",-111," "," ","T",-141," "," ","T",-134," "," ","T",-45," "," ","T",-61," "," ","T",-25," "," ","T",-21," "," ","T",5," "," ","T",-34," "," ","T",43," "," ","T",26," "," ","T",-22," "," ","T"
"529","USS0012L05S",2017,12,"TOBS",18," "," ","T",37," "," ","T",-100," "," ","T",-132," "," ","T",-42," "," ","T",-105," "," ","T",-31," "," ","T",-3," "," ","T",-18," "," ","T",3," "," ","T",35," "," ","T",9," "," ","T",-21," "," ","T",-27," "," ","T",25," "," ","T",-70," "," ","T",-67," "," ","T",-37," "," ","T",15," "," ","T",-111," "," ","T",-87," "," ","T",-13," "," ","T",-42," "," ","T",14," "," ","T",-3," "," ","T",16," "," ","T",28," "," ","T",52," "," ","T",49," "," ","T",24," "," ","T",-15," "," ","T"
"530","USS0012L05S",2017,12,"PRCP",0," "," ","T",0," "," ","T",0," "," ","T",0," "," ","T",0," "," ","T",0," "," ","T",0," "," ","T",0," "," ","T",0," "," ","T",0," "," ","T",0," "," ","T",0," "," ","T",0," "," ","T",0," "," ","T",0," "," ","T",0," "," ","T",0," "," ","T",0," "," ","T",0," "," ","T",0," "," ","T",51," "," ","T",0," "," ","T",0," "," ","T",0," "," ","T",0," "," ","T",0," "," ","T",0," "," ","T",0," "," ","T",0," "," ","T",0," "," ","T",0," "," ","T"
"531","USS0012L05S",2017,12,"SNWD",0," "," ","T",0," "," ","T",0," "," ","T",0," "," ","T",0," "," ","T",0," "," ","T",0," "," ","T",0," "," ","T",0," "," ","T",0," "," ","T",0," "," ","T",0," "," ","T",0," "," ","T",0," "," ","T",0," "," ","T",0," "," ","T",0," "," ","T",0," "," ","T",0," "," ","T",0," "," ","T",25," "," ","T",25," "," ","T",25," "," ","T",25," "," ","T",25," "," ","T",25," "," ","T",25," "," ","T",25," "," ","T",0," "," ","T",0," "," ","T",0," "," ","T"
"532","USS0012L05S",2017,12,"TAVG",32," "," ","T",43," "," ","T",6," "," ","T",-94," "," ","T",-52," "," ","T",-39," "," ","T",-50," "," ","T",18," "," ","T",24," "," ","T",20," "," ","T",47," "," ","T",43," "," ","T",27," "," ","T",-11," "," ","T",30," "," ","T",-10," "," ","T",-63," "," ","T",-11," "," ","T",16," "," ","T",-5," "," ","T",-116," "," ","T",-34," "," ","T",-8," "," ","T",-7," "," ","T",11," "," ","T",11," "," ","T",36," "," ","T",36," "," ","T",67," "," ","T",65," "," ","T",21," "," ","T"
"533","USS0012L05S",2017,12,"WESD",0," "," ","T",0," "," ","T",0," "," ","T",0," "," ","T",0," "," ","T",0," "," ","T",0," "," ","T",0," "," ","T",0," "," ","T",0," "," ","T",0," "," ","T",0," "," ","T",0," "," ","T",0," "," ","T",0," "," ","T",0," "," ","T",0," "," ","T",0," "," ","T",0," "," ","T",0," "," ","T",51," "," ","T",51," "," ","T",51," "," ","T",51," "," ","T",51," "," ","T",51," "," ","T",51," "," ","T",51," "," ","T",0," "," ","T",0," "," ","T",0," "," ","T"
"534","USS0012L05S",2018,1,"TMAX",70," "," ","T",62," "," ","T",83," "," ","T",93," "," ","T",76," "," ","T",53," "," ","T",67," "," ","T",38," "," ","T",22," "," ","T",19," "," ","T",15," "," ","T",24," "," ","T",53," "," ","T",89," "," ","T",71," "," ","T",59," "," ","T",60," "," ","T",97," "," ","T",68," "," ","T",6," "," ","T",-88," "," ","T",-1," "," ","T",22," "," ","T",51," "," ","T",18," "," ","T",-15," "," ","T",33," "," ","T",66," "," ","T",97," "," ","T",104," "," ","T",70," "," ","T"
"535","USS0012L05S",2018,1,"TMIN",-41," "," ","T",-60," "," ","T",-28," "," ","T",-17," "," ","T",-10," "," ","T",-46," "," ","T",-82," "," ","T",-20," "," ","T",-6," "," ","T",-42," "," ","T",-55," "," ","T",-66," "," ","T",-70," "," ","T",-40," "," ","T",-50," "," ","T",-55," "," ","T",-43," "," ","T",-24," "," ","T",6," "," ","T",-106," "," ","T",-161," "," ","T",-152," "," ","T",-118," "," ","T",-64," "," ","T",-84," "," ","T",-134," "," ","T",-121," "," ","T",-67," "," ","T",-34," "," ","T",3," "," ","T",19," "," ","T"
"536","USS0012L05S",2018,1,"TOBS",-27," "," ","T",-2," "," ","T",-8," "," ","T",21," "," ","T",14," "," ","T",-18," "," ","T",5," "," ","T",7," "," ","T",6," "," ","T",-41," "," ","T",-5," "," ","T",-56," "," ","T",-31," "," ","T",-12," "," ","T",-48," "," ","T",-17," "," ","T",-22," "," ","T",34," "," ","T",6," "," ","T",-106," "," ","T",-143," "," ","T",-92," "," ","T",-62," "," ","T",-38," "," ","T",-82," "," ","T",-114," "," ","T",-57," "," ","T",-15," "," ","T",16," "," ","T",37," "," ","T",30," "," ","T"
"537","USS0012L05S",2018,1,"PRCP",0," "," ","T",0," "," ","T",0," "," ","T",0," "," ","T",0," "," ","T",127," "," ","T",0," "," ","T",0," "," ","T",102," "," ","T",178," "," ","T",0," "," ","T",0," "," ","T",0," "," ","T",0," "," ","T",0," "," ","T",0," "," ","T",0," "," ","T",0," "," ","T",0," "," ","T",203," "," ","T",0," "," ","T",0," "," ","T",0," "," ","T",0," "," ","T",51," "," ","T",0," "," ","T",0," "," ","T",0," "," ","T",0," "," ","T",0," "," ","T",0," "," ","T"
"538","USS0012L05S",2018,1,"SNWD",0," "," ","T",0," "," ","T",0," "," ","T",0," "," ","T",0," "," ","T",102," "," ","T",76," "," ","T",76," "," ","T",152," "," ","T",305," "," ","T",254," "," ","T",229," "," ","T",229," "," ","T",203," "," ","T",203," "," ","T",203," "," ","T",203," "," ","T",203," "," ","T",203," "," ","T",305," "," ","T",229," "," ","T",229," "," ","T",229," "," ","T",229," "," ","T",279," "," ","T",254," "," ","T",254," "," ","T",229," "," ","T",229," "," ","T",229," "," ","T",229," "," ","T"
"539","USS0012L05S",2018,1,"TAVG",9," "," ","T",-2," "," ","T",21," "," ","T",34," "," ","T",20," "," ","T",13," "," ","T",-7," "," ","T",8," "," ","T",9," "," ","T",-12," "," ","T",-23," "," ","T",-12," "," ","T",-8," "," ","T",16," "," ","T",7," "," ","T",-2," "," ","T",3," "," ","T",33," "," ","T",36," "," ","T",-50," "," ","T",-115," "," ","T",-71," "," ","T",-52," "," ","T",-6," "," ","T",-25," "," ","T",-78," "," ","T",-40," "," ","T",-11," "," ","T",30," "," ","T",55," "," ","T",41," "," ","T"
"540","USS0012L05S",2018,1,"WESD",0," "," ","T",0," "," ","T",0," "," ","T",0," "," ","T",0," "," ","T",102," "," ","T",102," "," ","T",102," "," ","T",229," "," ","T",483," "," ","T",483," "," ","T",483," "," ","T",483," "," ","T",483," "," ","T",483," "," ","T",483," "," ","T",483," "," ","T",483," "," ","T",483," "," ","T",559," "," ","T",559," "," ","T",559," "," ","T",559," "," ","T",559," "," ","T",610," "," ","T",610," "," ","T",610," "," ","T",610," "," ","T",610," "," ","T",610," "," ","T",610," "," ","T"
"541","USS0012L05S",2018,2,"TMAX",69," "," ","T",81," "," ","T",62," "," ","T",71," "," ","T",65," "," ","T",-12," "," ","T",79," "," ","T",96," "," ","T",74," "," ","T",19," "," ","T",18," "," ","T",0," "," ","T",13," "," ","T",27," "," ","T",-27," "," ","T",53," "," ","T",66," "," ","T",57," "," ","T",-14," "," ","T",-74," "," ","T",-46," "," ","T",-62," "," ","T",-72," "," ","T",-42," "," ","T",-24," "," ","T",19," "," ","T",34," "," ","T",11," "," ","T",NA," "," "," ",NA," "," "," ",NA," "," "," "
"542","USS0012L05S",2018,2,"TMIN",-16," "," ","T",-26," "," ","T",-1," "," ","T",-28," "," ","T",-19," "," ","T",-86," "," ","T",-74," "," ","T",-34," "," ","T",-8," "," ","T",-132," "," ","T",-128," "," ","T",-58," "," ","T",-89," "," ","T",-33," "," ","T",-157," "," ","T",-160," "," ","T",-84," "," ","T",-20," "," ","T",-188," "," ","T",-203," "," ","T",-196," "," ","T",-159," "," ","T",-180," "," ","T",-209," "," ","T",-146," "," ","T",-96," "," ","T",-116," "," ","T",-114," "," ","T",NA," "," "," ",NA," "," "," ",NA," "," "," "
"543","USS0012L05S",2018,2,"TOBS",-12," "," ","T",13," "," ","T",9," "," ","T",23," "," ","T",-19," "," ","T",-72," "," ","T",-18," "," ","T",2," "," ","T",17," "," ","T",-76," "," ","T",-30," "," ","T",-57," "," ","T",-19," "," ","T",-31," "," ","T",-155," "," ","T",-22," "," ","T",1," "," ","T",-16," "," ","T",-183," "," ","T",-190," "," ","T",-124," "," ","T",-116," "," ","T",-146," "," ","T",-104," "," ","T",-70," "," ","T",-43," "," ","T",-86," "," ","T",-81," "," ","T",NA," "," "," ",NA," "," "," ",NA," "," "," "
"544","USS0012L05S",2018,2,"PRCP",0," "," ","T",0," "," ","T",0," "," ","T",0," "," ","T",51," "," ","T",0," "," ","T",0," "," ","T",0," "," ","T",0," "," ","T",25," "," ","T",0," "," ","T",25," "," ","T",51," "," ","T",25," "," ","T",25," "," ","T",0," "," ","T",0," "," ","T",0," "," ","T",51," "," ","T",0," "," ","T",0," "," ","T",25," "," ","T",25," "," ","T",51," "," ","T",25," "," ","T",0," "," ","T",0," "," ","T",0," "," ","T",NA," "," "," ",NA," "," "," ",NA," "," "," "
"545","USS0012L05S",2018,2,"SNWD",229," "," ","T",203," "," ","T",203," "," ","T",203," "," ","T",229," "," ","T",229," "," ","T",229," "," ","T",203," "," ","T",203," "," ","T",229," "," ","T",203," "," ","T",254," "," ","T",229," "," ","T",279," "," ","T",305," "," ","T",305," "," ","T",279," "," ","T",254," "," ","T",305," "," ","T",305," "," ","T",305," "," ","T",330," "," ","T",356," "," ","T",381," "," ","T",356," "," ","T",356," "," ","T",356," "," ","T",356," "," ","T",NA," "," "," ",NA," "," "," ",NA," "," "," "
"546","USS0012L05S",2018,2,"TAVG",18," "," ","T",20," "," ","T",22," "," ","T",22," "," ","T",22," "," ","T",-40," "," ","T",-4," "," ","T",22," "," ","T",37," "," ","T",-40," "," ","T",-43," "," ","T",-39," "," ","T",-35," "," ","T",-8," "," ","T",-72," "," ","T",-39," "," ","T",2," "," ","T",12," "," ","T",-93," "," ","T",-153," "," ","T",-119," "," ","T",-108," "," ","T",-113," "," ","T",-117," "," ","T",-80," "," ","T",-31," "," ","T",-44," "," ","T",-52," "," ","T",NA," "," "," ",NA," "," "," ",NA," "," "," "
"547","USS0012L05S",2018,2,"WESD",610," "," ","T",610," "," ","T",610," "," ","T",610," "," ","T",660," "," ","T",660," "," ","T",660," "," ","T",660," "," ","T",635," "," ","T",660," "," ","T",660," "," ","T",686," "," ","T",711," "," ","T",737," "," ","T",762," "," ","T",762," "," ","T",762," "," ","T",762," "," ","T",813," "," ","T",813," "," ","T",813," "," ","T",838," "," ","T",864," "," ","T",914," "," ","T",940," "," ","T",940," "," ","T",940," "," ","T",940," "," ","T",NA," "," "," ",NA," "," "," ",NA," "," "," "
"548","USS0012L05S",2018,3,"TMAX",9," "," ","T",42," "," ","T",42," "," ","T",-21," "," ","T",-1," "," ","T",43," "," ","T",64," "," ","T",110," "," ","T",82," "," ","T",74," "," ","T",51," "," ","T",101," "," ","T",93," "," ","T",73," "," ","T",25," "," ","T",17," "," ","T",1," "," ","T",-56," "," ","T",41," "," ","T",56," "," ","T",85," "," ","T",66," "," ","T",52," "," ","T",57," "," ","T",37," "," ","T",-9," "," ","T",13," "," ","T",41," "," ","T",55," "," ","T",88," "," ","T",113," "," ","T"
"549","USS0012L05S",2018,3,"TMIN",-84," "," ","T",-43," "," ","T",-38," "," ","T",-149," "," ","T",-172," "," ","T",-148," "," ","T",-63," "," ","T",-28," "," ","T",-24," "," ","T",-26," "," ","T",-26," "," ","T",-25," "," ","T",-8," "," ","T",-23," "," ","T",-86," "," ","T",-114," "," ","T",-60," "," ","T",-124," "," ","T",-123," "," ","T",-84," "," ","T",-6," "," ","T",21," "," ","T",-19," "," ","T",-24," "," ","T",-76," "," ","T",-117," "," ","T",-88," "," ","T",-30," "," ","T",-27," "," ","T",-33," "," ","T",9," "," ","T"
"550","USS0012L05S",2018,3,"TOBS",-32," "," ","T",-13," "," ","T",-21," "," ","T",-150," "," ","T",-130," "," ","T",-55," "," ","T",-3," "," ","T",-11," "," ","T",8," "," ","T",11," "," ","T",-14," "," ","T",12," "," ","T",18," "," ","T",-22," "," ","T",-87," "," ","T",-20," "," ","T",-61," "," ","T",-102," "," ","T",-65," "," ","T",-1," "," ","T",32," "," ","T",23," "," ","T",4," "," ","T",-9," "," ","T",-76," "," ","T",-75," "," ","T",-30," "," ","T",4," "," ","T",-17," "," ","T",11," "," ","T",63," "," ","T"
"551","USS0012L05S",2018,3,"PRCP",0," "," ","T",0," "," ","T",0," "," ","T",25," "," ","T",0," "," ","T",0," "," ","T",0," "," ","T",0," "," ","T",0," "," ","T",0," "," ","T",51," "," ","T",0," "," ","T",0," "," ","T",152," "," ","T",25," "," ","T",25," "," ","T",25," "," ","T",25," "," ","T",0," "," ","T",0," "," ","T",0," "," ","T",25," "," ","T",76," "," ","T",0," "," ","T",25," "," ","T",0," "," ","T",0," "," ","T",0," "," ","T",0," "," ","T",0," "," ","T",0," "," ","T"
"552","USS0012L05S",2018,3,"SNWD",330," "," ","T",330," "," ","T",330," "," ","T",356," "," ","T",356," "," ","T",356," "," ","T",330," "," ","T",305," "," ","T",305," "," ","T",279," "," ","T",279," "," ","T",254," "," ","T",229," "," ","T",305," "," ","T",305," "," ","T",254," "," ","T",279," "," ","T",305," "," ","T",279," "," ","T",279," "," ","T",229," "," ","T",203," "," ","T",229," "," ","T",229," "," ","T",254," "," ","T",229," "," ","T",229," "," ","T",203," "," ","T",178," "," ","T",152," "," ","T",102," "," ","T"
"553","USS0012L05S",2018,3,"TAVG",-40," "," ","T",-1," "," ","T",1," "," ","T",-84," "," ","T",-93," "," ","T",-43," "," ","T",6," "," ","T",23," "," ","T",27," "," ","T",24," "," ","T",9," "," ","T",30," "," ","T",40," "," ","T",20," "," ","T",-36," "," ","T",-33," "," ","T",-34," "," ","T",-78," "," ","T",-48," "," ","T",-8," "," ","T",33," "," ","T",38," "," ","T",16," "," ","T",13," "," ","T",-15," "," ","T",-65," "," ","T",-35," "," ","T",8," "," ","T",11," "," ","T",31," "," ","T",67," "," ","T"
"554","USS0012L05S",2018,3,"WESD",940," "," ","T",940," "," ","T",940," "," ","T",965," "," ","T",965," "," ","T",965," "," ","T",965," "," ","T",965," "," ","T",940," "," ","T",914," "," ","T",940," "," ","T",940," "," ","T",889," "," ","T",965," "," ","T",991," "," ","T",991," "," ","T",1016," "," ","T",1041," "," ","T",1041," "," ","T",1041," "," ","T",1016," "," ","T",940," "," ","T",1016," "," ","T",1016," "," ","T",1041," "," ","T",1041," "," ","T",1041," "," ","T",889," "," ","T",813," "," ","T",711," "," ","T",508," "," ","T"
"555","USS0012L05S",2018,4,"TMAX",126," "," ","T",96," "," ","T",58," "," ","T",79," "," ","T",88," "," ","T",107," "," ","T",131," "," ","T",59," "," ","T",81," "," ","T",142," "," ","T",158," "," ","T",81," "," ","T",-21," "," ","T",82," "," ","T",96," "," ","T",119," "," ","T",-4," "," ","T",71," "," ","T",75," "," ","T",35," "," ","T",102," "," ","T",141," "," ","T",137," "," ","T",114," "," ","T",135," "," ","T",162," "," ","T",181," "," ","T",168," "," ","T",126," "," ","T",58," "," ","T",NA," "," "," "
"556","USS0012L05S",2018,4,"TMIN",2," "," ","T",-56," "," ","T",-106," "," ","T",-18," "," ","T",-4," "," ","T",35," "," ","T",44," "," ","T",-14," "," ","T",-36," "," ","T",-8," "," ","T",68," "," ","T",-84," "," ","T",-86," "," ","T",-94," "," ","T",-6," "," ","T",-6," "," ","T",-91," "," ","T",-91," "," ","T",-25," "," ","T",-57," "," ","T",11," "," ","T",6," "," ","T",31," "," ","T",-2," "," ","T",-29," "," ","T",18," "," ","T",32," "," ","T",29," "," ","T",-1," "," ","T",-22," "," ","T",NA," "," "," "
"557","USS0012L05S",2018,4,"TOBS",51," "," ","T",-56," "," ","T",-10," "," ","T",-1," "," ","T",42," "," ","T",45," "," ","T",47," "," ","T",4," "," ","T",3," "," ","T",86," "," ","T",80," "," ","T",-82," "," ","T",-44," "," ","T",4," "," ","T",57," "," ","T",-4," "," ","T",-89," "," ","T",-9," "," ","T",-19," "," ","T",25," "," ","T",20," "," ","T",72," "," ","T",45," "," ","T",6," "," ","T",45," "," ","T",47," "," ","T",86," "," ","T",34," "," ","T",4," "," ","T",-4," "," ","T",NA," "," "," "
"558","USS0012L05S",2018,4,"PRCP",0," "," ","T",0," "," ","T",0," "," ","T",0," "," ","T",0," "," ","T",51," "," ","T",152," "," ","T",0," "," ","T",0," "," ","T",0," "," ","T",0," "," ","T",51," "," ","T",127," "," ","T",25," "," ","T",0," "," ","T",25," "," ","T",25," "," ","T",0," "," ","T",25," "," ","T",25," "," ","T",0," "," ","T",0," "," ","T",0," "," ","T",0," "," ","T",0," "," ","T",0," "," ","T",0," "," ","T",0," "," ","T",0," "," ","T",0," "," ","T",NA," "," "," "
"559","USS0012L05S",2018,4,"SNWD",76," "," ","T",51," "," ","T",25," "," ","T",0," "," ","T",0," "," ","T",0," "," ","T",0," "," ","T",0," "," ","T",0," "," ","T",0," "," ","T",0," "," ","T",25," "," ","T",102," "," ","T",51," "," ","T",25," "," ","T",25," "," ","T",51," "," ","T",25," "," ","T",25," "," ","T",0," "," ","T",0," "," ","T",0," "," ","T",0," "," ","T",0," "," ","T",0," "," ","T",0," "," ","T",0," "," ","T",0," "," ","T",0," "," ","T",0," "," ","T",NA," "," "," "
"560","USS0012L05S",2018,4,"TAVG",70," "," ","T",42," "," ","T",-15," "," ","T",31," "," ","T",44," "," ","T",61," "," ","T",75," "," ","T",24," "," ","T",25," "," ","T",78," "," ","T",106," "," ","T",-8," "," ","T",-58," "," ","T",7," "," ","T",54," "," ","T",66," "," ","T",-50," "," ","T",-7," "," ","T",14," "," ","T",1," "," ","T",50," "," ","T",74," "," ","T",86," "," ","T",56," "," ","T",64," "," ","T",88," "," ","T",105," "," ","T",107," "," ","T",67," "," ","T",14," "," ","T",NA," "," "," "
"561","USS0012L05S",2018,4,"WESD",305," "," ","T",178," "," ","T",102," "," ","T",0," "," ","T",0," "," ","T",0," "," ","T",0," "," ","T",0," "," ","T",0," "," ","T",0," "," ","T",0," "," ","T",51," "," ","T",203," "," ","T",178," "," ","T",102," "," ","T",76," "," ","T",102," "," ","T",76," "," ","T",51," "," ","T",76," "," ","T",0," "," ","T",0," "," ","T",0," "," ","T",0," "," ","T",0," "," ","T",0," "," ","T",0," "," ","T",0," "," ","T",0," "," ","T",0," "," ","T",NA," "," "," "
"562","USS0012L05S",2018,5,"TMAX",70," "," ","T",40," "," ","T",74," "," ","T",131," "," ","T",166," "," ","T",173," "," ","T",186," "," ","T",186," "," ","T",212," "," ","T",185," "," ","T",142," "," ","T",77," "," ","T",104," "," ","T",123," "," ","T",151," "," ","T",166," "," ","T",164," "," ","T",129," "," ","T",145," "," ","T",126," "," ","T",143," "," ","T",118," "," ","T",154," "," ","T",196," "," ","T",188," "," ","T",159," "," ","T",124," "," ","T",114," "," ","T",152," "," ","T",173," "," ","T",185," "," ","T"
"563","USS0012L05S",2018,5,"TMIN",-22," "," ","T",-29," "," ","T",-2," "," ","T",-7," "," ","T",28," "," ","T",49," "," ","T",70," "," ","T",65," "," ","T",98," "," ","T",86," "," ","T",16," "," ","T",-11," "," ","T",-17," "," ","T",4," "," ","T",13," "," ","T",25," "," ","T",19," "," ","T",18," "," ","T",10," "," ","T",31," "," ","T",29," "," ","T",35," "," ","T",20," "," ","T",38," "," ","T",53," "," ","T",48," "," ","T",10," "," ","T",10," "," ","T",19," "," ","T",56," "," ","T",48," "," ","T"
"564","USS0012L05S",2018,5,"TOBS",-7," "," ","T",1," "," ","T",20," "," ","T",38," "," ","T",68," "," ","T",108," "," ","T",92," "," ","T",126," "," ","T",116," "," ","T",101," "," ","T",29," "," ","T",-10," "," ","T",16," "," ","T",21," "," ","T",39," "," ","T",77," "," ","T",57," "," ","T",22," "," ","T",43," "," ","T",43," "," ","T",74," "," ","T",52," "," ","T",63," "," ","T",93," "," ","T",93," "," ","T",52," "," ","T",14," "," ","T",52," "," ","T",61," "," ","T",103," "," ","T",86," "," ","T"
"565","USS0012L05S",2018,5,"PRCP",25," "," ","T",152," "," ","T",0," "," ","T",0," "," ","T",0," "," ","T",0," "," ","T",0," "," ","T",0," "," ","T",0," "," ","T",0," "," ","T",0," "," ","T",25," "," ","T",0," "," ","T",0," "," ","T",0," "," ","T",0," "," ","T",0," "," ","T",0," "," ","T",0," "," ","T",0," "," ","T",0," "," ","T",0," "," ","T",0," "," ","T",0," "," ","T",0," "," ","T",0," "," ","T",0," "," ","T",0," "," ","T",0," "," ","T",0," "," ","T",0," "," ","T"
"566","USS0012L05S",2018,5,"SNWD",0," "," ","T",127," "," ","T",0," "," ","T",0," "," ","T",0," "," ","T",0," "," ","T",0," "," ","T",0," "," ","T",0," "," ","T",0," "," ","T",0," "," ","T",0," "," ","T",0," "," ","T",0," "," ","T",0," "," ","T",0," "," ","T",0," "," ","T",0," "," ","T",0," "," ","T",0," "," ","T",0," "," ","T",0," "," ","T",0," "," ","T",0," "," ","T",0," "," ","T",0," "," ","T",0," "," ","T",0," "," ","T",0," "," ","T",0," "," ","T",0," "," ","T"
"567","USS0012L05S",2018,5,"TAVG",5," "," ","T",0," "," ","T",27," "," ","T",67," "," ","T",99," "," ","T",118," "," ","T",125," "," ","T",134," "," ","T",150," "," ","T",133," "," ","T",82," "," ","T",36," "," ","T",38," "," ","T",62," "," ","T",85," "," ","T",101," "," ","T",93," "," ","T",75," "," ","T",78," "," ","T",70," "," ","T",93," "," ","T",66," "," ","T",86," "," ","T",122," "," ","T",128," "," ","T",103," "," ","T",57," "," ","T",60," "," ","T",90," "," ","T",117," "," ","T",123," "," ","T"
"568","USS0012L05S",2018,5,"WESD",0," "," ","T",127," "," ","T",0," "," ","T",0," "," ","T",0," "," ","T",0," "," ","T",0," "," ","T",0," "," ","T",0," "," ","T",0," "," ","T",0," "," ","T",0," "," ","T",0," "," ","T",0," "," ","T",0," "," ","T",0," "," ","T",0," "," ","T",0," "," ","T",0," "," ","T",0," "," ","T",0," "," ","T",0," "," ","T",0," "," ","T",0," "," ","T",0," "," ","T",0," "," ","T",0," "," ","T",0," "," ","T",0," "," ","T",0," "," ","T",0," "," ","T"
"569","USS0012L05S",2018,6,"TMAX",154," "," ","T",194," "," ","T",208," "," ","T",236," "," ","T",221," "," ","T",215," "," ","T",218," "," ","T",216," "," ","T",218," "," ","T",175," "," ","T",210," "," ","T",224," "," ","T",250," "," ","T",229," "," ","T",212," "," ","T",202," "," ","T",192," "," ","T",185," "," ","T",173," "," ","T",211," "," ","T",248," "," ","T",192," "," ","T",222," "," ","T",204," "," ","T",238," "," ","T",266," "," ","T",266," "," ","T",241," "," ","T",211," "," ","T",176," "," ","T",NA," "," "," "
"570","USS0012L05S",2018,6,"TMIN",47," "," ","T",25," "," ","T",69," "," ","T",88," "," ","T",94," "," ","T",94," "," ","T",75," "," ","T",66," "," ","T",80," "," ","T",50," "," ","T",32," "," ","T",78," "," ","T",98," "," ","T",99," "," ","T",82," "," ","T",71," "," ","T",63," "," ","T",59," "," ","T",55," "," ","T",47," "," ","T",105," "," ","T",80," "," ","T",78," "," ","T",51," "," ","T",64," "," ","T",142," "," ","T",120," "," ","T",88," "," ","T",91," "," ","T",67," "," ","T",NA," "," "," "
"571","USS0012L05S",2018,6,"TOBS",51," "," ","T",77," "," ","T",127," "," ","T",142," "," ","T",116," "," ","T",94," "," ","T",96," "," ","T",100," "," ","T",124," "," ","T",52," "," ","T",135," "," ","T",124," "," ","T",126," "," ","T",104," "," ","T",120," "," ","T",95," "," ","T",99," "," ","T",100," "," ","T",82," "," ","T",110," "," ","T",130," "," ","T",90," "," ","T",112," "," ","T",72," "," ","T",152," "," ","T",146," "," ","T",149," "," ","T",136," "," ","T",116," "," ","T",103," "," ","T",NA," "," "," "
"572","USS0012L05S",2018,6,"PRCP",0," "," ","T",0," "," ","T",0," "," ","T",0," "," ","T",0," "," ","T",0," "," ","T",0," "," ","T",0," "," ","T",0," "," ","T",0," "," ","T",0," "," ","T",0," "," ","T",0," "," ","T",0," "," ","T",0," "," ","T",0," "," ","T",0," "," ","T",0," "," ","T",0," "," ","T",0," "," ","T",0," "," ","T",0," "," ","T",0," "," ","T",0," "," ","T",0," "," ","T",0," "," ","T",0," "," ","T",0," "," ","T",0," "," ","T",0," "," ","T",NA," "," "," "
"573","USS0012L05S",2018,6,"SNWD",0," "," ","T",0," "," ","T",0," "," ","T",0," "," ","T",0," "," ","T",0," "," ","T",0," "," ","T",0," "," ","T",0," "," ","T",0," "," ","T",0," "," ","T",0," "," ","T",0," "," ","T",0," "," ","T",0," "," ","T",0," "," ","T",0," "," ","T",0," "," ","T",0," "," ","T",0," "," ","T",0," "," ","T",0," "," ","T",0," "," ","T",0," "," ","T",0," "," ","T",0," "," ","T",0," "," ","T",0," "," ","T",0," "," ","T",0," "," ","T",NA," "," "," "
"574","USS0012L05S",2018,6,"TAVG",101," "," ","T",117," "," ","T",140," "," ","T",169," "," ","T",156," "," ","T",151," "," ","T",148," "," ","T",144," "," ","T",156," "," ","T",121," "," ","T",130," "," ","T",156," "," ","T",176," "," ","T",169," "," ","T",154," "," ","T",137," "," ","T",129," "," ","T",121," "," ","T",115," "," ","T",137," "," ","T",180," "," ","T",134," "," ","T",160," "," ","T",126," "," ","T",161," "," ","T",198," "," ","T",194," "," ","T",164," "," ","T",148," "," ","T",126," "," ","T",NA," "," "," "
"575","USS0012L05S",2018,6,"WESD",0," "," ","T",0," "," ","T",0," "," ","T",0," "," ","T",0," "," ","T",0," "," ","T",0," "," ","T",0," "," ","T",0," "," ","T",0," "," ","T",0," "," ","T",0," "," ","T",0," "," ","T",0," "," ","T",0," "," ","T",0," "," ","T",0," "," ","T",0," "," ","T",0," "," ","T",0," "," ","T",0," "," ","T",0," "," ","T",0," "," ","T",0," "," ","T",0," "," ","T",0," "," ","T",0," "," ","T",0," "," ","T",0," "," ","T",0," "," ","T",NA," "," "," "
"576","USS0012L05S",2018,7,"TMAX",208," "," ","T",243," "," ","T",235," "," ","T",240," "," ","T",250," "," ","T",268," "," ","T",244," "," ","T",238," "," ","T",250," "," ","T",246," "," ","T",221," "," ","T",200," "," ","T",220," "," ","T",199," "," ","T",228," "," ","T",226," "," ","T",239," "," ","T",247," "," ","T",236," "," ","T",230," "," ","T",240," "," ","T",221," "," ","T",251," "," ","T",250," "," ","T",243," "," ","T",239," "," ","T",250," "," ","T",243," "," ","T",245," "," ","T",247," "," ","T",257," "," ","T"
"577","USS0012L05S",2018,7,"TMIN",50," "," ","T",129," "," ","T",125," "," ","T",82," "," ","T",108," "," ","T",108," "," ","T",122," "," ","T",113," "," ","T",124," "," ","T",114," "," ","T",103," "," ","T",95," "," ","T",103," "," ","T",99," "," ","T",94," "," ","T",112," "," ","T",122," "," ","T",124," "," ","T",120," "," ","T",112," "," ","T",111," "," ","T",102," "," ","T",101," "," ","T",122," "," ","T",122," "," ","T",131," "," ","T",121," "," ","T",99," "," ","T",125," "," ","T",118," "," ","T",116," "," ","T"
"578","USS0012L05S",2018,7,"TOBS",135," "," ","T",144," "," ","T",133," "," ","T",129," "," ","T",155," "," ","T",148," "," ","T",135," "," ","T",150," "," ","T",128," "," ","T",137," "," ","T",119," "," ","T",111," "," ","T",138," "," ","T",98," "," ","T",132," "," ","T",162," "," ","T",158," "," ","T",172," "," ","T",150," "," ","T",162," "," ","T",119," "," ","T",120," "," ","T",154," "," ","T",141," "," ","T",161," "," ","T",158," "," ","T",171," "," ","T",146," "," ","T",142," "," ","T",153," "," ","T",168," "," ","T"
"579","USS0012L05S",2018,7,"PRCP",0," "," ","T",0," "," ","T",0," "," ","T",0," "," ","T",0," "," ","T",0," "," ","T",25," "," ","T",0," "," ","T",0," "," ","T",0," "," ","T",25," "," ","T",102," "," ","T",0," "," ","T",152," "," ","T",0," "," ","T",0," "," ","T",25," "," ","T",0," "," ","T",0," "," ","T",0," "," ","T",0," "," ","T",0," "," ","T",0," "," ","T",0," "," ","T",0," "," ","T",0," "," ","T",0," "," ","T",51," "," ","T",0," "," ","T",0," "," ","T",0," "," ","T"
"580","USS0012L05S",2018,7,"SNWD",0," "," ","T",0," "," ","T",0," "," ","T",0," "," ","T",0," "," ","T",0," "," ","T",0," "," ","T",0," "," ","T",0," "," ","T",0," "," ","T",0," "," ","T",0," "," ","T",0," "," ","T",0," "," ","T",0," "," ","T",0," "," ","T",0," "," ","T",0," "," ","T",0," "," ","T",0," "," ","T",0," "," ","T",0," "," ","T",0," "," ","T",0," "," ","T",0," "," ","T",0," "," ","T",0," "," ","T",0," "," ","T",0," "," ","T",0," "," ","T",0," "," ","T"
"581","USS0012L05S",2018,7,"TAVG",138," "," ","T",182," "," ","T",175," "," ","T",168," "," ","T",168," "," ","T",179," "," ","T",165," "," ","T",166," "," ","T",168," "," ","T",179," "," ","T",154," "," ","T",134," "," ","T",158," "," ","T",136," "," ","T",157," "," ","T",170," "," ","T",167," "," ","T",187," "," ","T",169," "," ","T",177," "," ","T",159," "," ","T",159," "," ","T",178," "," ","T",175," "," ","T",182," "," ","T",182," "," ","T",177," "," ","T",166," "," ","T",180," "," ","T",190," "," ","T",194," "," ","T"
"582","USS0012L05S",2018,7,"WESD",0," "," ","T",0," "," ","T",0," "," ","T",0," "," ","T",0," "," ","T",0," "," ","T",0," "," ","T",0," "," ","T",0," "," ","T",0," "," ","T",0," "," ","T",0," "," ","T",0," "," ","T",0," "," ","T",0," "," ","T",0," "," ","T",0," "," ","T",0," "," ","T",0," "," ","T",0," "," ","T",0," "," ","T",0," "," ","T",0," "," ","T",0," "," ","T",0," "," ","T",0," "," ","T",0," "," ","T",0," "," ","T",0," "," ","T",0," "," ","T",0," "," ","T"
"583","USS0012L05S",2018,8,"TMAX",245," "," ","T",229," "," ","T",229," "," ","T",235," "," ","T",243," "," ","T",243," "," ","T",244," "," ","T",245," "," ","T",251," "," ","T",255," "," ","T",246," "," ","T",244," "," ","T",241," "," ","T",215," "," ","T",209," "," ","T",218," "," ","T",230," "," ","T",208," "," ","T",219," "," ","T",239," "," ","T",208," "," ","T",186," "," ","T",207," "," ","T",215," "," ","T",218," "," ","T",202," "," ","T",214," "," ","T",208," "," ","T",218," "," ","T",210," "," ","T",219," "," ","T"
"584","USS0012L05S",2018,8,"TMIN",130," "," ","T",110," "," ","T",95," "," ","T",129," "," ","T",125," "," ","T",94," "," ","T",104," "," ","T",108," "," ","T",111," "," ","T",125," "," ","T",123," "," ","T",114," "," ","T",109," "," ","T",115," "," ","T",100," "," ","T",92," "," ","T",114," "," ","T",92," "," ","T",72," "," ","T",100," "," ","T",92," "," ","T",84," "," ","T",103," "," ","T",104," "," ","T",93," "," ","T",91," "," ","T",109," "," ","T",60," "," ","T",98," "," ","T",102," "," ","T",80," "," ","T"
"585","USS0012L05S",2018,8,"TOBS",163," "," ","T",116," "," ","T",147," "," ","T",159," "," ","T",147," "," ","T",122," "," ","T",120," "," ","T",124," "," ","T",161," "," ","T",171," "," ","T",130," "," ","T",159," "," ","T",148," "," ","T",150," "," ","T",137," "," ","T",156," "," ","T",133," "," ","T",95," "," ","T",118," "," ","T",143," "," ","T",96," "," ","T",114," "," ","T",124," "," ","T",104," "," ","T",131," "," ","T",133," "," ","T",110," "," ","T",103," "," ","T",134," "," ","T",111," "," ","T",81," "," ","T"
"586","USS0012L05S",2018,8,"PRCP",0," "," ","T",25," "," ","T",0," "," ","T",0," "," ","T",0," "," ","T",0," "," ","T",0," "," ","T",0," "," ","T",0," "," ","T",0," "," ","T",0," "," ","T",0," "," ","T",0," "," ","T",0," "," ","T",25," "," ","T",0," "," ","T",25," "," ","T",0," "," ","T",0," "," ","T",0," "," ","T",25," "," ","T",0," "," ","T",0," "," ","T",0," "," ","T",0," "," ","T",0," "," ","T",0," "," ","T",0," "," ","T",0," "," ","T",0," "," ","T",0," "," ","T"
"587","USS0012L05S",2018,8,"SNWD",0," "," ","T",0," "," ","T",0," "," ","T",0," "," ","T",0," "," ","T",0," "," ","T",0," "," ","T",0," "," ","T",0," "," ","T",0," "," ","T",0," "," ","T",0," "," ","T",0," "," ","T",0," "," ","T",0," "," ","T",0," "," ","T",0," "," ","T",0," "," ","T",0," "," ","T",0," "," ","T",0," "," ","T",0," "," ","T",0," "," ","T",0," "," ","T",0," "," ","T",0," "," ","T",0," "," ","T",0," "," ","T",0," "," ","T",0," "," ","T",0," "," ","T"
"588","USS0012L05S",2018,8,"TAVG",184," "," ","T",152," "," ","T",162," "," ","T",177," "," ","T",183," "," ","T",175," "," ","T",172," "," ","T",176," "," ","T",186," "," ","T",188," "," ","T",168," "," ","T",177," "," ","T",174," "," ","T",160," "," ","T",144," "," ","T",161," "," ","T",154," "," ","T",152," "," ","T",146," "," ","T",175," "," ","T",137," "," ","T",125," "," ","T",144," "," ","T",156," "," ","T",158," "," ","T",150," "," ","T",155," "," ","T",135," "," ","T",153," "," ","T",151," "," ","T",139," "," ","T"
"589","USS0012L05S",2018,8,"WESD",0," "," ","T",0," "," ","T",0," "," ","T",0," "," ","T",0," "," ","T",0," "," ","T",0," "," ","T",0," "," ","T",0," "," ","T",0," "," ","T",0," "," ","T",0," "," ","T",0," "," ","T",0," "," ","T",0," "," ","T",0," "," ","T",0," "," ","T",0," "," ","T",0," "," ","T",0," "," ","T",0," "," ","T",0," "," ","T",0," "," ","T",0," "," ","T",0," "," ","T",0," "," ","T",0," "," ","T",0," "," ","T",0," "," ","T",0," "," ","T",0," "," ","T"
"590","USS0012L05S",2018,9,"TMAX",184," "," ","T",201," "," ","T",202," "," ","T",173," "," ","T",170," "," ","T",190," "," ","T",211," "," ","T",226," "," ","T",NA," "," "," ",231," "," ","T",222," "," ","T",209," "," ","T",201," "," ","T",217," "," ","T",216," "," ","T",207," "," ","T",218," "," ","T",212," "," ","T",197," "," ","T",162," "," ","T",196," "," ","T",195," "," ","T",184," "," ","T",166," "," ","T",163," "," ","T",165," "," ","T",193," "," ","T",212," "," ","T",196," "," ","T",174," "," ","T",NA," "," "," "
"591","USS0012L05S",2018,9,"TMIN",79," "," ","T",70," "," ","T",84," "," ","T",89," "," ","T",73," "," ","T",65," "," ","T",79," "," ","T",98," "," ","T",NA," "," "," ",100," "," ","T",107," "," ","T",67," "," ","T",84," "," ","T",64," "," ","T",73," "," ","T",97," "," ","T",79," "," ","T",74," "," ","T",72," "," ","T",43," "," ","T",40," "," ","T",70," "," ","T",68," "," ","T",50," "," ","T",17," "," ","T",20," "," ","T",51," "," ","T",58," "," ","T",80," "," ","T",61," "," ","T",NA," "," "," "
"592","USS0012L05S",2018,9,"TOBS",80," "," ","T",92," "," ","T",96," "," ","T",104," "," ","T",76," "," ","T",83," "," ","T",119," "," ","T",122," "," ","T",122," "," ","T",119," "," ","T",133," "," ","T",113," "," ","T",105," "," ","T",132," "," ","T",128," "," ","T",109," "," ","T",96," "," ","T",112," "," ","T",85," "," ","T",53," "," ","T",91," "," ","T",93," "," ","T",112," "," ","T",70," "," ","T",39," "," ","T",61," "," ","T",81," "," ","T",121," "," ","T",105," "," ","T",91," "," ","T",NA," "," "," "
"593","USS0012L05S",2018,9,"PRCP",0," "," ","T",25," "," ","T",0," "," ","T",0," "," ","T",0," "," ","T",0," "," ","T",0," "," ","T",0," "," ","T",0," "," ","T",0," "," ","T",0," "," ","T",0," "," ","T",0," "," ","T",0," "," ","T",0," "," ","T",0," "," ","T",0," "," ","T",0," "," ","T",0," "," ","T",0," "," ","T",0," "," ","T",0," "," ","T",0," "," ","T",0," "," ","T",0," "," ","T",0," "," ","T",0," "," ","T",0," "," ","T",0," "," ","T",0," "," ","T",NA," "," "," "
"594","USS0012L05S",2018,9,"SNWD",0," "," ","T",0," "," ","T",0," "," ","T",0," "," ","T",0," "," ","T",0," "," ","T",0," "," ","T",0," "," ","T",0," "," ","T",0," "," ","T",0," "," ","T",0," "," ","T",0," "," ","T",0," "," ","T",0," "," ","T",0," "," ","T",0," "," ","T",0," "," ","T",0," "," ","T",0," "," ","T",0," "," ","T",0," "," ","T",0," "," ","T",0," "," ","T",0," "," ","T",0," "," ","T",0," "," ","T",0," "," ","T",0," "," ","T",0," "," ","T",NA," "," "," "
"595","USS0012L05S",2018,9,"TAVG",127," "," ","T",132," "," ","T",139," "," ","T",129," "," ","T",116," "," ","T",120," "," ","T",135," "," ","T",162," "," ","T",NA," "," "," ",167," "," ","T",160," "," ","T",146," "," ","T",138," "," ","T",146," "," ","T",152," "," ","T",156," "," ","T",144," "," ","T",142," "," ","T",130," "," ","T",99," "," ","T",118," "," ","T",130," "," ","T",126," "," ","T",117," "," ","T",92," "," ","T",93," "," ","T",114," "," ","T",139," "," ","T",135," "," ","T",120," "," ","T",NA," "," "," "
"596","USS0012L05S",2018,9,"WESD",0," "," ","T",0," "," ","T",0," "," ","T",0," "," ","T",0," "," ","T",0," "," ","T",0," "," ","T",0," "," ","T",0," "," ","T",0," "," ","T",0," "," ","T",0," "," ","T",0," "," ","T",0," "," ","T",0," "," ","T",0," "," ","T",0," "," ","T",0," "," ","T",0," "," ","T",0," "," ","T",0," "," ","T",0," "," ","T",0," "," ","T",0," "," ","T",0," "," ","T",0," "," ","T",0," "," ","T",0," "," ","T",0," "," ","T",0," "," ","T",NA," "," "," "
"597","USS0012L05S",2018,10,"TMAX",180," "," ","T",131," "," ","T",139," "," ","T",106," "," ","T",71," "," ","T",34," "," ","T",37," "," ","T",42," "," ","T",69," "," ","T",66," "," ","T",76," "," ","T",94," "," ","T",101," "," ","T",-7," "," ","T",41," "," ","T",69," "," ","T",37," "," ","T",52," "," ","T",122," "," ","T",118," "," ","T",82," "," ","T",68," "," ","T",98," "," ","T",95," "," ","T",78," "," ","T",114," "," ","T",147," "," ","T",201," "," ","T",159," "," ","T",61," "," ","T",44," "," ","T"
"598","USS0012L05S",2018,10,"TMIN",74," "," ","T",68," "," ","T",53," "," ","T",27," "," ","T",-4," "," ","T",-5," "," ","T",-11," "," ","T",-17," "," ","T",-40," "," ","T",-23," "," ","T",-6," "," ","T",-53," "," ","T",-22," "," ","T",-72," "," ","T",-105," "," ","T",-78," "," ","T",-32," "," ","T",-35," "," ","T",-9," "," ","T",-10," "," ","T",-70," "," ","T",-79," "," ","T",1," "," ","T",-4," "," ","T",-28," "," ","T",-29," "," ","T",19," "," ","T",10," "," ","T",-73," "," ","T",-87," "," ","T",-91," "," ","T"
"599","USS0012L05S",2018,10,"TOBS",88," "," ","T",88," "," ","T",73," "," ","T",43," "," ","T",-2," "," ","T",4," "," ","T",-9," "," ","T",-8," "," ","T",-11," "," ","T",5," "," ","T",-3," "," ","T",3," "," ","T",-8," "," ","T",-73," "," ","T",-53," "," ","T",20," "," ","T",-31," "," ","T",12," "," ","T",2," "," ","T",41," "," ","T",24," "," ","T",8," "," ","T",10," "," ","T",34," "," ","T",-3," "," ","T",30," "," ","T",41," "," ","T",58," "," ","T",-5," "," ","T",-44," "," ","T",-24," "," ","T"
"600","USS0012L05S",2018,10,"PRCP",0," "," ","T",51," "," ","T",25," "," ","T",76," "," ","T",51," "," ","T",203," "," ","T",102," "," ","T",25," "," ","T",76," "," ","T",76," "," ","T",0," "," ","T",25," "," ","T",0," "," ","T",0," "," ","T",0," "," ","T",0," "," ","T",25," "," ","T",0," "," ","T",0," "," ","T",0," "," ","T",25," "," ","T",76," "," ","T",0," "," ","T",0," "," ","T",0," "," ","T",0," "," ","T",0," "," ","T",0," "," ","T",0," "," ","T",0," "," ","T",0," "," ","T"
"601","USS0012L05S",2018,10,"SNWD",0," "," ","T",0," "," ","T",0," "," ","T",0," "," ","T",0," "," ","T",76," "," ","T",51," "," ","T",0," "," ","T",102," "," ","T",25," "," ","T",25," "," ","T",0," "," ","T",0," "," ","T",0," "," ","T",0," "," ","T",0," "," ","T",0," "," ","T",0," "," ","T",0," "," ","T",0," "," ","T",0," "," ","T",0," "," ","T",0," "," ","T",0," "," ","T",0," "," ","T",0," "," ","T",0," "," ","T",0," "," ","T",0," "," ","T",0," "," ","T",0," "," ","T"
"602","USS0012L05S",2018,10,"TAVG",119," "," ","T",96," "," ","T",88," "," ","T",57," "," ","T",31," "," ","T",15," "," ","T",7," "," ","T",9," "," ","T",18," "," ","T",11," "," ","T",22," "," ","T",26," "," ","T",38," "," ","T",-42," "," ","T",-27," "," ","T",5," "," ","T",2," "," ","T",5," "," ","T",38," "," ","T",41," "," ","T",40," "," ","T",31," "," ","T",43," "," ","T",43," "," ","T",35," "," ","T",53," "," ","T",82," "," ","T",88," "," ","T",51," "," ","T",-26," "," ","T",-17," "," ","T"
"603","USS0012L05S",2018,10,"WESD",0," "," ","T",0," "," ","T",0," "," ","T",0," "," ","T",0," "," ","T",102," "," ","T",102," "," ","T",0," "," ","T",102," "," ","T",51," "," ","T",25," "," ","T",0," "," ","T",0," "," ","T",0," "," ","T",0," "," ","T",0," "," ","T",0," "," ","T",0," "," ","T",0," "," ","T",0," "," ","T",0," "," ","T",0," "," ","T",0," "," ","T",0," "," ","T",0," "," ","T",0," "," ","T",0," "," ","T",0," "," ","T",0," "," ","T",0," "," ","T",0," "," ","T"
"604","USS0012L05S",2018,11,"TMAX",23," "," ","T",92," "," ","T",40," "," ","T",75," "," ","T",55," "," ","T",39," "," ","T",63," "," ","T",0," "," ","T",48," "," ","T",72," "," ","T",-51," "," ","T",-18," "," ","T",62," "," ","T",80," "," ","T",91," "," ","T",94," "," ","T",129," "," ","T",40," "," ","T",72," "," ","T",104," "," ","T",79," "," ","T",28," "," ","T",39," "," ","T",33," "," ","T",11," "," ","T",57," "," ","T",94," "," ","T",38," "," ","T",35," "," ","T",-5," "," ","T",NA," "," "," "
"605","USS0012L05S",2018,11,"TMIN",-52," "," ","T",-72," "," ","T",-102," "," ","T",-120," "," ","T",-39," "," ","T",-37," "," ","T",-59," "," ","T",-122," "," ","T",-86," "," ","T",-55," "," ","T",-184," "," ","T",-108," "," ","T",-90," "," ","T",-36," "," ","T",-21," "," ","T",-15," "," ","T",-37," "," ","T",-112," "," ","T",-64," "," ","T",-36," "," ","T",-28," "," ","T",-34," "," ","T",-32," "," ","T",-132," "," ","T",-135," "," ","T",-94," "," ","T",-49," "," ","T",-19," "," ","T",-34," "," ","T",-84," "," ","T",NA," "," "," "
"606","USS0012L05S",2018,11,"TOBS",17," "," ","T",-22," "," ","T",-76," "," ","T",16," "," ","T",13," "," ","T",-35," "," ","T",-60," "," ","T",-50," "," ","T",-1," "," ","T",-55," "," ","T",-89," "," ","T",-84," "," ","T",-30," "," ","T",-4," "," ","T",-4," "," ","T",-13," "," ","T",-29," "," ","T",-44," "," ","T",-27," "," ","T",-14," "," ","T",-9," "," ","T",-27," "," ","T",13," "," ","T",-88," "," ","T",-89," "," ","T",-20," "," ","T",26," "," ","T",-8," "," ","T",-29," "," ","T",-67," "," ","T",NA," "," "," "
"607","USS0012L05S",2018,11,"PRCP",0," "," ","T",0," "," ","T",0," "," ","T",0," "," ","T",25," "," ","T",0," "," ","T",0," "," ","T",0," "," ","T",0," "," ","T",0," "," ","T",0," "," ","T",0," "," ","T",0," "," ","T",0," "," ","T",0," "," ","T",0," "," ","T",0," "," ","T",0," "," ","T",25," "," ","T",0," "," ","T",0," "," ","T",76," "," ","T",0," "," ","T",25," "," ","T",0," "," ","T",0," "," ","T",0," "," ","T",76," "," ","T",152," "," ","T",152," "," ","T",NA," "," "," "
"608","USS0012L05S",2018,11,"SNWD",0," "," ","T",0," "," ","T",0," "," ","T",0," "," ","T",0," "," ","T",0," "," ","T",0," "," ","T",0," "," ","T",0," "," ","T",0," "," ","T",0," "," ","T",0," "," ","T",0," "," ","T",0," "," ","T",0," "," ","T",0," "," ","T",0," "," ","T",0," "," ","T",0," "," ","T",0," "," ","T",0," "," ","T",25," "," ","T",25," "," ","T",51," "," ","T",51," "," ","T",51," "," ","T",51," "," ","T",102," "," ","T",229," "," ","T",330," "," ","T",NA," "," "," "
"609","USS0012L05S",2018,11,"TAVG",-4," "," ","T",34," "," ","T",-31," "," ","T",10," "," ","T",20," "," ","T",1," "," ","T",-2," "," ","T",-55," "," ","T",-12," "," ","T",7," "," ","T",-80," "," ","T",-67," "," ","T",-13," "," ","T",15," "," ","T",27," "," ","T",29," "," ","T",13," "," ","T",-32," "," ","T",3," "," ","T",12," "," ","T",19," "," ","T",-9," "," ","T",5," "," ","T",-40," "," ","T",-61," "," ","T",-11," "," ","T",31," "," ","T",8," "," ","T",-11," "," ","T",-37," "," ","T",NA," "," "," "
"610","USS0012L05S",2018,11,"WESD",0," "," ","T",0," "," ","T",0," "," ","T",0," "," ","T",0," "," ","T",0," "," ","T",0," "," ","T",0," "," ","T",0," "," ","T",0," "," ","T",0," "," ","T",0," "," ","T",0," "," ","T",0," "," ","T",0," "," ","T",0," "," ","T",0," "," ","T",0," "," ","T",0," "," ","T",0," "," ","T",0," "," ","T",51," "," ","T",51," "," ","T",76," "," ","T",76," "," ","T",76," "," ","T",76," "," ","T",152," "," ","T",279," "," ","T",406," "," ","T",NA," "," "," "
"611","USS0012L05S",2018,12,"TMAX",-14," "," ","T",-66," "," ","T",-50," "," ","T",-25," "," ","T",12," "," ","T",4," "," ","T",NA," "," "," ",56," "," ","T",104," "," ","T",72," "," ","T",49," "," ","T",20," "," ","T",33," "," ","T",61," "," ","T",74," "," ","T",82," "," ","T",27," "," ","T",76," "," ","T",27," "," ","T",104," "," ","T",45," "," ","T",1," "," ","T",42," "," ","T",33," "," ","T",-9," "," ","T",-40," "," ","T",-81," "," ","T",-86," "," ","T",-1," "," ","T",12," "," ","T",-98," "," ","T"
"612","USS0012L05S",2018,12,"TMIN",-135," "," ","T",-155," "," ","T",-181," "," ","T",-181," "," ","T",-98," "," ","T",-70," "," ","T",NA," "," "," ",-87," "," ","T",-97," "," ","T",-61," "," ","T",-47," "," ","T",-147," "," ","T",-205," ","S","T",-56," "," ","T",-24," "," ","T",-55," "," ","T",-70," "," ","T",-74," "," ","T",-62," "," ","T",-45," "," ","T",0," "," ","T",-92," "," ","T",-52," "," ","T",-30," "," ","T",-79," "," ","T",-139," "," ","T",-142," "," ","T",-188," "," ","T",-193," "," ","T",-99," "," ","T",-190," "," ","T"
"613","USS0012L05S",2018,12,"TOBS",-70," "," ","T",-146," "," ","T",-180," "," ","T",-85," "," ","T",-24," "," ","T",-55," "," ","T",-55," "," ","T",-86," "," ","T",-48," "," ","T",12," "," ","T",-23," "," ","T",-83," "," ","T",-38," "," ","T",9," "," ","T",-9," "," ","T",-31," "," ","T",-36," "," ","T",-32," "," ","T",-18," "," ","T",35," "," ","T",1," "," ","T",-51," "," ","T",-19," "," ","T",-29," "," ","T",-63," "," ","T",-81," "," ","T",-128," "," ","T",-184," "," ","T",-17," "," ","T",-98," "," ","T",-168," "," ","T"
"614","USS0012L05S",2018,12,"PRCP",0," "," ","T",0," "," ","T",0," "," ","T",25," "," ","T",0," "," ","T",0," "," ","T",25," "," ","T",0," "," ","T",0," "," ","T",0," "," ","T",0," "," ","T",51," "," ","T",0," "," ","T",0," "," ","T",0," "," ","T",0," "," ","T",0," "," ","T",0," "," ","T",0," "," ","T",0," "," ","T",0," "," ","T",0," "," ","T",25," "," ","T",51," "," ","T",51," "," ","T",0," "," ","T",25," "," ","T",0," "," ","T",0," "," ","T",0," "," ","T",25," "," ","T"
"615","USS0012L05S",2018,12,"SNWD",279," "," ","T",229," "," ","T",203," "," ","T",203," "," ","T",203," "," ","T",203," "," ","T",178," "," ","T",178," "," ","T",178," "," ","T",178," "," ","T",178," "," ","T",229," "," ","T",203," "," ","T",203," "," ","T",203," "," ","T",203," "," ","T",203," "," ","T",203," "," ","T",203," "," ","T",203," "," ","T",203," "," ","T",203," "," ","T",229," "," ","T",254," "," ","T",279," "," ","T",279," "," ","T",305," "," ","T",305," "," ","T",305," "," ","T",305," "," ","T",330," "," ","T"
"616","USS0012L05S",2018,12,"TAVG",-65," "," ","T",-91," "," ","T",-133," "," ","T",-100," "," ","T",-38," "," ","T",-28," "," ","T",NA," "," "," ",-29," "," ","T",-34," "," ","T",-3," "," ","T",-2," "," ","T",-45," "," ","T",-61," "," ","T",-5," "," ","T",18," "," ","T",9," "," ","T",-11," "," ","T",-11," "," ","T",-3," "," ","T",21," "," ","T",20," "," ","T",-41," "," ","T",-2," "," ","T",-11," "," ","T",-38," "," ","T",-79," "," ","T",-109," "," ","T",-139," "," ","T",-80," "," ","T",-30," "," ","T",-130," "," ","T"
"617","USS0012L05S",2018,12,"WESD",406," "," ","T",406," "," ","T",406," "," ","T",432," "," ","T",432," "," ","T",432," "," ","T",457," "," ","T",457," "," ","T",457," "," ","T",457," "," ","T",457," "," ","T",508," "," ","T",508," "," ","T",508," "," ","T",508," "," ","T",508," "," ","T",508," "," ","T",508," "," ","T",508," "," ","T",483," "," ","T",457," "," ","T",457," "," ","T",457," "," ","T",483," "," ","T",533," "," ","T",533," "," ","T",559," "," ","T",559," "," ","T",559," "," ","T",559," "," ","T",584," "," ","T"
"618","USS0012L05S",2019,1,"TMAX",-73," "," ","T",13," "," ","T",78," "," ","T",108," "," ","T",26," "," ","T",-24," "," ","T",3," "," ","T",50," "," ","T",53," "," ","T",60," "," ","T",2," "," ","T",22," "," ","T",-22," "," ","T",-18," "," ","T",6," "," ","T",-1," "," ","T",14," "," ","T",-27," "," ","T",45," "," ","T",67," "," ","T",2," "," ","T",-65," "," ","T",14," "," ","T",28," "," ","T",29," "," ","T",31," "," ","T",113," "," ","T",6," "," ","T",29," "," ","T",59," "," ","T",72," "," ","T"
"619","USS0012L05S",2019,1,"TMIN",-202," "," ","T",-167," "," ","T",-71," "," ","T",-35," "," ","T",-52," "," ","T",-83," "," ","T",-81," "," ","T",-67," "," ","T",-45," "," ","T",-46," "," ","T",-106," "," ","T",-120," "," ","T",-114," "," ","T",-102," "," ","T",-50," "," ","T",-46," "," ","T",-48," "," ","T",-110," "," ","T",-108," "," ","T",-32," "," ","T",-97," "," ","T",-212," "," ","T",-135," "," ","T",-99," "," ","T",-118," "," ","T",-107," "," ","T",-43," "," ","T",-72," "," ","T",-82," "," ","T",-87," "," ","T",-78," "," ","T"
"620","USS0012L05S",2019,1,"TOBS",-109," "," ","T",-59," "," ","T",-9," "," ","T",-13," "," ","T",-36," "," ","T",-56," "," ","T",-54," "," ","T",-9," "," ","T",-25," "," ","T",-36," "," ","T",-88," "," ","T",-92," "," ","T",-96," "," ","T",-49," "," ","T",-28," "," ","T",-31," "," ","T",-27," "," ","T",-107," "," ","T",-20," "," ","T",-10," "," ","T",-97," "," ","T",-80," "," ","T",-47," "," ","T",-95," "," ","T",-52," "," ","T",-23," "," ","T",2," "," ","T",-60," "," ","T",-57," "," ","T",-68," "," ","T",-36," "," ","T"
"621","USS0012L05S",2019,1,"PRCP",0," "," ","T",0," "," ","T",0," "," ","T",0," "," ","T",25," "," ","T",102," "," ","T",0," "," ","T",0," "," ","T",0," "," ","T",0," "," ","T",0," "," ","T",0," "," ","T",0," "," ","T",0," "," ","T",127," "," ","T",25," "," ","T",127," "," ","T",127," "," ","T",0," "," ","T",0," "," ","T",152," "," ","T",0," "," ","T",25," "," ","T",0," "," ","T",0," "," ","T",0," "," ","T",0," "," ","T",0," "," ","T",0," "," ","T",0," "," ","T",0," "," ","T"
"622","USS0012L05S",2019,1,"SNWD",305," "," ","T",279," "," ","T",279," "," ","T",279," "," ","T",305," "," ","T",356," "," ","T",330," "," ","T",330," "," ","T",330," "," ","T",330," "," ","T",330," "," ","T",305," "," ","T",330," "," ","T",330," "," ","T",406," "," ","T",432," "," ","T",483," "," ","T",533," "," ","T",483," "," ","T",457," "," ","T",584," "," ","T",508," "," ","T",508," "," ","T",483," "," ","T",483," "," ","T",483," "," ","T",483," "," ","T",457," "," ","T",457," "," ","T",457," "," ","T",457," "," ","T"
"623","USS0012L05S",2019,1,"TAVG",-133," "," ","T",-71," "," ","T",-5," "," ","T",21," "," ","T",-16," "," ","T",-42," "," ","T",-36," "," ","T",-15," "," ","T",-3," "," ","T",-9," "," ","T",-47," "," ","T",-64," "," ","T",-66," "," ","T",-56," "," ","T",-31," "," ","T",-25," "," ","T",-10," "," ","T",-62," "," ","T",-25," "," ","T",17," "," ","T",-55," "," ","T",-114," "," ","T",-37," "," ","T",-46," "," ","T",-53," "," ","T",-22," "," ","T",6," "," ","T",-25," "," ","T",-36," "," ","T",-25," "," ","T",-19," "," ","T"
"624","USS0012L05S",2019,1,"WESD",584," "," ","T",584," "," ","T",584," "," ","T",584," "," ","T",610," "," ","T",660," "," ","T",660," "," ","T",660," "," ","T",660," "," ","T",660," "," ","T",660," "," ","T",660," "," ","T",660," "," ","T",660," "," ","T",787," "," ","T",813," "," ","T",940," "," ","T",991," "," ","T",991," "," ","T",991," "," ","T",1118," "," ","T",1118," "," ","T",1143," "," ","T",1143," "," ","T",1143," "," ","T",1143," "," ","T",1143," "," ","T",1143," "," ","T",1143," "," ","T",1143," "," ","T",1143," "," ","T"
"625","USS0012L05S",2019,2,"TMAX",52," "," ","T",20," "," ","T",-2," "," ","T",-3," "," ","T",-35," "," ","T",-84," "," ","T",-54," "," ","T",-16," "," ","T",-22," "," ","T",-23," "," ","T",-36," "," ","T",10," "," ","T",29," "," ","T",11," "," ","T",17," "," ","T",-52," "," ","T",-40," "," ","T",-40," "," ","T",-97," "," ","T",-67," "," ","T",-75," "," ","T",-15," "," ","T",-30," "," ","T",14," "," ","T",38," "," ","T",59," "," ","T",61," "," ","T",42," "," ","T",NA," "," "," ",NA," "," "," ",NA," "," "," "
"626","USS0012L05S",2019,2,"TMIN",-56," "," ","T",-17," "," ","T",-43," "," ","T",-45," "," ","T",-99," "," ","T",-160," "," ","T",-219," "," ","T",-144," "," ","T",-121," "," ","T",-146," "," ","T",-153," "," ","T",-110," "," ","T",-20," "," ","T",-21," "," ","T",-81," "," ","T",-152," "," ","T",-171," "," ","T",-172," "," ","T",-189," "," ","T",-190," "," ","T",-159," "," ","T",-178," "," ","T",-188," "," ","T",-138," "," ","T",-86," "," ","T",-65," "," ","T",-44," "," ","T",-38," "," ","T",NA," "," "," ",NA," "," "," ",NA," "," "," "
"627","USS0012L05S",2019,2,"TOBS",-11," "," ","T",-5," "," ","T",-30," "," ","T",-40," "," ","T",-99," "," ","T",-146," "," ","T",-122," "," ","T",-67," "," ","T",-88," "," ","T",-118," "," ","T",-106," "," ","T",-7," "," ","T",-6," "," ","T",-20," "," ","T",-81," "," ","T",-122," "," ","T",-159," "," ","T",-142," "," ","T",-161," "," ","T",-123," "," ","T",-127," "," ","T",-172," "," ","T",-132," "," ","T",-44," "," ","T",-63," "," ","T",-18," "," ","T",-10," "," ","T",2," "," ","T",NA," "," "," ",NA," "," "," ",NA," "," "," "
"628","USS0012L05S",2019,2,"PRCP",0," "," ","T",51," "," ","T",0," "," ","T",51," "," ","T",178," "," ","T",51," "," ","T",0," "," ","T",0," "," ","T",0," "," ","T",25," "," ","T",0," "," ","T",0," "," ","T",76," "," ","T",203," "," ","T",25," "," ","T",51," "," ","T",25," "," ","T",0," "," ","T",0," "," ","T",51," "," ","T",102," "," ","T",0," "," ","T",0," "," ","T",0," "," ","T",0," "," ","T",0," "," ","T",0," "," ","T",51," "," ","T",NA," "," "," ",NA," "," "," ",NA," "," "," "
"629","USS0012L05S",2019,2,"SNWD",457," "," ","T",483," "," ","T",457," "," ","T",508," "," ","T",635," "," ","T",660," "," ","T",635," "," ","T",610," "," ","T",610," "," ","T",610," "," ","T",610," "," ","T",584," "," ","T",559," "," ","T",787," "," ","T",762," "," ","T",838," "," ","T",838," "," ","T",813," "," ","T",787," "," ","T",813," "," ","T",965," "," ","T",889," "," ","T",838," "," ","T",813," "," ","T",787," "," ","T",762," "," ","T",737," "," ","T",787," "," ","T",NA," "," "," ",NA," "," "," ",NA," "," "," "
"630","USS0012L05S",2019,2,"TAVG",-6," "," ","T",0," "," ","T",-22," "," ","T",-31," "," ","T",-55," "," ","T",-123," "," ","T",-132," "," ","T",-80," "," ","T",-71," "," ","T",-75," "," ","T",-104," "," ","T",-40," "," ","T",-3," "," ","T",-3," "," ","T",-28," "," ","T",-95," "," ","T",-116," "," ","T",-121," "," ","T",-145," "," ","T",-124," "," ","T",-110," "," ","T",-115," "," ","T",-107," "," ","T",-56," "," ","T",-25," "," ","T",-5," "," ","T",8," "," ","T",4," "," ","T",NA," "," "," ",NA," "," "," ",NA," "," "," "
"631","USS0012L05S",2019,2,"WESD",1143," "," ","T",1194," "," ","T",1194," "," ","T",1245," "," ","T",1372," "," ","T",1473," "," ","T",1473," "," ","T",1473," "," ","T",1473," "," ","T",1499," "," ","T",1499," "," ","T",1499," "," ","T",1549," "," ","T",1753," "," ","T",1778," "," ","T",1829," "," ","T",1880," "," ","T",1880," "," ","T",1880," "," ","T",1930," "," ","T",2057," "," ","T",2057," "," ","T",2057," "," ","T",2057," "," ","T",2057," "," ","T",2057," "," ","T",2057," "," ","T",2108," "," ","T",NA," "," "," ",NA," "," "," ",NA," "," "," "
"632","USS0012L05S",2019,3,"TMAX",53," "," ","T",19," "," ","T",29," "," ","T",24," "," ","T",29," "," ","T",24," "," ","T",52," "," ","T",-6," "," ","T",5," "," ","T",13," "," ","T",44," "," ","T",68," "," ","T",-27," "," ","T",-14," "," ","T",48," "," ","T",83," "," ","T",99," "," ","T",96," "," ","T",71," "," ","T",52," "," ","T",17," "," ","T",16," "," ","T",47," "," ","T",52," "," ","T",95," "," ","T",95," "," ","T",109," "," ","T",74," "," ","T",-1," "," ","T",37," "," ","T",48," "," ","T"
"633","USS0012L05S",2019,3,"TMIN",-2," "," ","T",-6," "," ","T",-59," "," ","T",-83," "," ","T",-69," "," ","T",-15," "," ","T",-38," "," ","T",-67," "," ","T",-114," "," ","T",-65," "," ","T",-78," "," ","T",-29," "," ","T",-102," "," ","T",-123," "," ","T",-132," "," ","T",-77," "," ","T",-53," "," ","T",-46," "," ","T",-46," "," ","T",-52," "," ","T",-50," "," ","T",-77," "," ","T",-61," "," ","T",-50," "," ","T",-65," "," ","T",-22," "," ","T",-15," "," ","T",-42," "," ","T",-89," "," ","T",-99," "," ","T",-82," "," ","T"
"634","USS0012L05S",2019,3,"TOBS",5," "," ","T",-5," "," ","T",-56," "," ","T",-65," "," ","T",18," "," ","T",-11," "," ","T",-18," "," ","T",-63," "," ","T",-49," "," ","T",-42," "," ","T",-21," "," ","T",-29," "," ","T",-100," "," ","T",-118," "," ","T",-65," "," ","T",-39," "," ","T",-29," "," ","T",-28," "," ","T",-28," "," ","T",-11," "," ","T",-45," "," ","T",-10," "," ","T",-6," "," ","T",-41," "," ","T",-16," "," ","T",7," "," ","T",26," "," ","T",-42," "," ","T",-89," "," ","T",-64," "," ","T",-46," "," ","T"
"635","USS0012L05S",2019,3,"PRCP",0," "," ","T",102," "," ","T",102," "," ","T",0," "," ","T",0," "," ","T",152," "," ","T",25," "," ","T",76," "," ","T",0," "," ","T",0," "," ","T",25," "," ","T",25," "," ","T",51," "," ","T",25," "," ","T",0," "," ","T",0," "," ","T",0," "," ","T",0," "," ","T",0," "," ","T",25," "," ","T",127," "," ","T",25," "," ","T",51," "," ","T",0," "," ","T",0," "," ","T",0," "," ","T",0," "," ","T",0," "," ","T",25," "," ","T",0," "," ","T",0," "," ","T"
"636","USS0012L05S",2019,3,"SNWD",737," "," ","T",737," "," ","T",838," "," ","T",762," "," ","T",762," "," ","T",838," "," ","T",813," "," ","T",914," "," ","T",864," "," ","T",864," "," ","T",838," "," ","T",813," "," ","T",940," "," ","T",889," "," ","T",864," "," ","T",864," "," ","T",813," "," ","T",787," "," ","T",787," "," ","T",787," "," ","T",940," "," ","T",889," "," ","T",889," "," ","T",864," "," ","T",838," "," ","T",813," "," ","T",787," "," ","T",813," "," ","T",813," "," ","T",813," "," ","T",813," "," ","T"
"637","USS0012L05S",2019,3,"TAVG",17," "," ","T",2," "," ","T",-5," "," ","T",-33," "," ","T",-4," "," ","T",1," "," ","T",-3," "," ","T",-36," "," ","T",-51," "," ","T",-30," "," ","T",-12," "," ","T",5," "," ","T",-82," "," ","T",-77," "," ","T",-46," "," ","T",-9," "," ","T",8," "," ","T",13," "," ","T",7," "," ","T",-1," "," ","T",-20," "," ","T",-21," "," ","T",-4," "," ","T",0," "," ","T",13," "," ","T",37," "," ","T",42," "," ","T",30," "," ","T",-40," "," ","T",-42," "," ","T",-20," "," ","T"
"638","USS0012L05S",2019,3,"WESD",2108," "," ","T",2184," "," ","T",2286," "," ","T",2286," "," ","T",2286," "," ","T",2438," "," ","T",2464," "," ","T",2540," "," ","T",2540," "," ","T",2540," "," ","T",2591," "," ","T",2616," "," ","T",2743," "," ","T",2794," "," ","T",2794," "," ","T",2794," "," ","T",2794," "," ","T",2794," "," ","T",2794," "," ","T",2819," "," ","T",2997," "," ","T",3023," "," ","T",3099," "," ","T",3099," "," ","T",3099," "," ","T",3099," "," ","T",3099," "," ","T",3099," "," ","T",3124," "," ","T",3124," "," ","T",3124," "," ","T"
"639","USS0012L05S",2019,4,"TMAX",90," "," ","T",46," "," ","T",65," "," ","T",90," "," ","T",74," "," ","T",86," "," ","T",111," "," ","T",144," "," ","T",105," "," ","T",-31," "," ","T",1," "," ","T",30," "," ","T",62," "," ","T",93," "," ","T",97," "," ","T",35," "," ","T",57," "," ","T",146," "," ","T",165," "," ","T",152," "," ","T",81," "," ","T",96," "," ","T",140," "," ","T",118," "," ","T",133," "," ","T",135," "," ","T",131," "," ","T",115," "," ","T",83," "," ","T",70," "," ","T",NA," "," "," "
"640","USS0012L05S",2019,4,"TMIN",-53," "," ","T",-6," "," ","T",-27," "," ","T",-9," "," ","T",-17," "," ","T",-14," "," ","T",-19," "," ","T",16," "," ","T",-42," "," ","T",-60," "," ","T",-79," "," ","T",-83," "," ","T",-86," "," ","T",-26," "," ","T",20," "," ","T",-22," "," ","T",-32," "," ","T",-16," "," ","T",13," "," ","T",21," "," ","T",-9," "," ","T",-18," "," ","T",-8," "," ","T",7," "," ","T",24," "," ","T",21," "," ","T",1," "," ","T",4," "," ","T",-51," "," ","T",-53," "," ","T",NA," "," "," "
"641","USS0012L05S",2019,4,"TOBS",7," "," ","T",-6," "," ","T",4," "," ","T",27," "," ","T",7," "," ","T",-9," "," ","T",29," "," ","T",45," "," ","T",-41," "," ","T",-56," "," ","T",-65," "," ","T",-64," "," ","T",-22," "," ","T",36," "," ","T",34," "," ","T",-22," "," ","T",14," "," ","T",28," "," ","T",63," "," ","T",38," "," ","T",0," "," ","T",10," "," ","T",11," "," ","T",36," "," ","T",67," "," ","T",36," "," ","T",58," "," ","T",12," "," ","T",-17," "," ","T",-52," "," ","T",NA," "," "," "
"642","USS0012L05S",2019,4,"PRCP",0," "," ","T",25," "," ","T",25," "," ","T",0," "," ","T",0," "," ","T",0," "," ","T",0," "," ","T",0," "," ","T",51," "," ","T",178," "," ","T",25," "," ","T",51," "," ","T",0," "," ","T",0," "," ","T",0," "," ","T",51," "," ","T",0," "," ","T",0," "," ","T",0," "," ","T",0," "," ","T",0," "," ","T",0," "," ","T",0," "," ","T",0," "," ","T",0," "," ","T",25," "," ","T",0," "," ","T",0," "," ","T",76," "," ","T",178," "," ","T",NA," "," "," "
"643","USS0012L05S",2019,4,"SNWD",787," "," ","T",787," "," ","T",762," "," ","T",762," "," ","T",737," "," ","T",711," "," ","T",686," "," ","T",610," "," ","T",686," "," ","T",864," "," ","T",864," "," ","T",864," "," ","T",787," "," ","T",711," "," ","T",660," "," ","T",737," "," ","T",711," "," ","T",660," "," ","T",610," "," ","T",584," "," ","T",559," "," ","T",508," "," ","T",483," "," ","T",406," "," ","T",356," "," ","T",305," "," ","T",254," "," ","T",203," "," ","T",152," "," ","T",279," "," ","T",NA," "," "," "
"644","USS0012L05S",2019,4,"TAVG",21," "," ","T",19," "," ","T",12," "," ","T",37," "," ","T",28," "," ","T",25," "," ","T",48," "," ","T",80," "," ","T",41," "," ","T",-46," "," ","T",-46," "," ","T",-36," "," ","T",-8," "," ","T",45," "," ","T",56," "," ","T",9," "," ","T",8," "," ","T",60," "," ","T",87," "," ","T",77," "," ","T",35," "," ","T",31," "," ","T",51," "," ","T",64," "," ","T",77," "," ","T",81," "," ","T",77," "," ","T",60," "," ","T",29," "," ","T",8," "," ","T",NA," "," "," "
"645","USS0012L05S",2019,4,"WESD",3124," "," ","T",3150," "," ","T",3175," "," ","T",3150," "," ","T",3073," "," ","T",2997," "," ","T",2870," "," ","T",2718," "," ","T",2667," "," ","T",3099," "," ","T",3124," "," ","T",3200," "," ","T",3200," "," ","T",3150," "," ","T",3099," "," ","T",3150," "," ","T",3124," "," ","T",3048," "," ","T",2870," "," ","T",2718," "," ","T",2591," "," ","T",2464," "," ","T",2311," "," ","T",2057," "," ","T",1803," "," ","T",1549," "," ","T",1295," "," ","T",1092," "," ","T",991," "," ","T",1067," "," ","T",NA," "," "," "
"646","USS0012L05S",2019,5,"TMAX",44," "," ","T",71," "," ","T",103," "," ","T",121," "," ","T",122," "," ","T",130," "," ","T",92," "," ","T",54," "," ","T",58," "," ","T",83," "," ","T",98," "," ","T",134," "," ","T",175," "," ","T",157," "," ","T",143," "," ","T",121," "," ","T",29," "," ","T",74," "," ","T",41," "," ","T",37," "," ","T",49," "," ","T",24," "," ","T",24," "," ","T",78," "," ","T",112," "," ","T",114," "," ","T",83," "," ","T",90," "," ","T",94," "," ","T",124," "," ","T",122," "," ","T"
"647","USS0012L05S",2019,5,"TMIN",-97," "," ","T",-47," "," ","T",-11," "," ","T",7," "," ","T",21," "," ","T",18," "," ","T",-6," "," ","T",-9," "," ","T",-17," "," ","T",-1," "," ","T",-5," "," ","T",14," "," ","T",25," "," ","T",42," "," ","T",42," "," ","T",-9," "," ","T",-35," "," ","T",-26," "," ","T",-24," "," ","T",-32," "," ","T",-55," "," ","T",-58," "," ","T",-35," "," ","T",-25," "," ","T",-5," "," ","T",5," "," ","T",-9," "," ","T",2," "," ","T",-4," "," ","T",14," "," ","T",19," "," ","T"
"648","USS0012L05S",2019,5,"TOBS",-14," "," ","T",1," "," ","T",31," "," ","T",34," "," ","T",32," "," ","T",39," "," ","T",14," "," ","T",-10," "," ","T",8," "," ","T",16," "," ","T",22," "," ","T",42," "," ","T",80," "," ","T",82," "," ","T",88," "," ","T",-6," "," ","T",-17," "," ","T",28," "," ","T",-24," "," ","T",-3," "," ","T",-47," "," ","T",-23," "," ","T",0," "," ","T",0," "," ","T",19," "," ","T",6," "," ","T",6," "," ","T",4," "," ","T",24," "," ","T",24," "," ","T",67," "," ","T"
"649","USS0012L05S",2019,5,"PRCP",0," "," ","T",0," "," ","T",0," "," ","T",0," "," ","T",0," "," ","T",0," "," ","T",76," "," ","T",51," "," ","T",51," "," ","T",76," "," ","T",0," "," ","T",0," "," ","T",0," "," ","T",0," "," ","T",0," "," ","T",51," "," ","T",51," "," ","T",0," "," ","T",76," "," ","T",51," "," ","T",51," "," ","T",51," "," ","T",25," "," ","T",0," "," ","T",0," "," ","T",0," "," ","T",178," "," ","T",51," "," ","T",51," "," ","T",25," "," ","T",0," "," ","T"
"650","USS0012L05S",2019,5,"SNWD",203," "," ","T",152," "," ","T",102," "," ","T",51," "," ","T",51," "," ","T",51," "," ","T",25," "," ","T",25," "," ","T",25," "," ","T",51," "," ","T",25," "," ","T",25," "," ","T",0," "," ","T",0," "," ","T",0," "," ","T",25," "," ","T",0," "," ","T",0," "," ","T",0," "," ","T",0," "," ","T",25," "," ","T",0," "," ","T",0," "," ","T",0," "," ","T",0," "," ","T",0," "," ","T",102," "," ","T",25," "," ","T",0," "," ","T",0," "," ","T",0," "," ","T"
"651","USS0012L05S",2019,5,"TAVG",-20," "," ","T",20," "," ","T",49," "," ","T",64," "," ","T",72," "," ","T",68," "," ","T",43," "," ","T",16," "," ","T",15," "," ","T",24," "," ","T",51," "," ","T",78," "," ","T",99," "," ","T",105," "," ","T",103," "," ","T",62," "," ","T",-6," "," ","T",21," "," ","T",7," "," ","T",-3," "," ","T",-5," "," ","T",-12," "," ","T",-1," "," ","T",27," "," ","T",53," "," ","T",55," "," ","T",8," "," ","T",25," "," ","T",37," "," ","T",53," "," ","T",75," "," ","T"
"652","USS0012L05S",2019,5,"WESD",1067," "," ","T",991," "," ","T",762," "," ","T",584," "," ","T",381," "," ","T",254," "," ","T",279," "," ","T",203," "," ","T",203," "," ","T",330," "," ","T",152," "," ","T",102," "," ","T",25," "," ","T",0," "," ","T",51," "," ","T",76," "," ","T",51," "," ","T",0," "," ","T",51," "," ","T",51," "," ","T",76," "," ","T",25," "," ","T",51," "," ","T",51," "," ","T",25," "," ","T",51," "," ","T",203," "," ","T",127," "," ","T",0," "," ","T",0," "," ","T",0," "," ","T"
"653","USS0012L05S",2019,6,"TMAX",158," "," ","T",153," "," ","T",152," "," ","T",171," "," ","T",173," "," ","T",187," "," ","T",171," "," ","T",130," "," ","T",141," "," ","T",190," "," ","T",183," "," ","T",205," "," ","T",214," "," ","T",179," "," ","T",187," "," ","T",162," "," ","T",160," "," ","T",169," "," ","T",198," "," ","T",189," "," ","T",134," "," ","T",89," "," ","T",157," "," ","T",192," "," ","T",203," "," ","T",197," "," ","T",207," "," ","T",220," "," ","T",220," "," ","T",172," "," ","T",NA," "," "," "
"654","USS0012L05S",2019,6,"TMIN",49," "," ","T",43," "," ","T",37," "," ","T",45," "," ","T",50," "," ","T",79," "," ","T",84," "," ","T",-9," "," ","T",-22," "," ","T",22," "," ","T",55," "," ","T",63," "," ","T",74," "," ","T",72," "," ","T",55," "," ","T",71," "," ","T",60," "," ","T",45," "," ","T",68," "," ","T",65," "," ","T",-4," "," ","T",-15," "," ","T",-7," "," ","T",66," "," ","T",96," "," ","T",50," "," ","T",69," "," ","T",63," "," ","T",93," "," ","T",52," "," ","T",NA," "," "," "
"655","USS0012L05S",2019,6,"TOBS",62," "," ","T",43," "," ","T",56," "," ","T",65," "," ","T",86," "," ","T",107," "," ","T",95," "," ","T",-7," "," ","T",39," "," ","T",99," "," ","T",79," "," ","T",99," "," ","T",79," "," ","T",78," "," ","T",82," "," ","T",80," "," ","T",61," "," ","T",85," "," ","T",134," "," ","T",65," "," ","T",-4," "," ","T",-3," "," ","T",68," "," ","T",118," "," ","T",111," "," ","T",109," "," ","T",116," "," ","T",138," "," ","T",134," "," ","T",84," "," ","T",NA," "," "," "
"656","USS0012L05S",2019,6,"PRCP",0," "," ","T",0," "," ","T",0," "," ","T",0," "," ","T",0," "," ","T",0," "," ","T",0," "," ","T",0," "," ","T",0," "," ","T",0," "," ","T",0," "," ","T",0," "," ","T",0," "," ","T",0," "," ","T",0," "," ","T",0," "," ","T",0," "," ","T",0," "," ","T",0," "," ","T",0," "," ","T",0," "," ","T",0," "," ","T",0," "," ","T",0," "," ","T",0," "," ","T",0," "," ","T",0," "," ","T",0," "," ","T",0," "," ","T",0," "," ","T",NA," "," "," "
"657","USS0012L05S",2019,6,"SNWD",0," "," ","T",0," "," ","T",0," "," ","T",0," "," ","T",0," "," ","T",0," "," ","T",0," "," ","T",0," "," ","T",0," "," ","T",0," "," ","T",0," "," ","T",0," "," ","T",0," "," ","T",0," "," ","T",0," "," ","T",0," "," ","T",0," "," ","T",0," "," ","T",0," "," ","T",0," "," ","T",0," "," ","T",0," "," ","T",0," "," ","T",0," "," ","T",0," "," ","T",0," "," ","T",0," "," ","T",0," "," ","T",0," "," ","T",0," "," ","T",NA," "," "," "
"658","USS0012L05S",2019,6,"TAVG",101," "," ","T",91," "," ","T",84," "," ","T",104," "," ","T",116," "," ","T",134," "," ","T",124," "," ","T",63," "," ","T",61," "," ","T",110," "," ","T",127," "," ","T",133," "," ","T",154," "," ","T",127," "," ","T",116," "," ","T",111," "," ","T",98," "," ","T",109," "," ","T",142," "," ","T",135," "," ","T",67," "," ","T",36," "," ","T",80," "," ","T",134," "," ","T",146," "," ","T",135," "," ","T",144," "," ","T",151," "," ","T",155," "," ","T",125," "," ","T",NA," "," "," "
"659","USS0012L05S",2019,6,"WESD",0," "," ","T",0," "," ","T",0," "," ","T",0," "," ","T",0," "," ","T",0," "," ","T",25," "," ","T",0," "," ","T",0," "," ","T",0," "," ","T",0," "," ","T",0," "," ","T",0," "," ","T",0," "," ","T",0," "," ","T",0," "," ","T",0," "," ","T",0," "," ","T",0," "," ","T",0," "," ","T",0," "," ","T",0," "," ","T",0," "," ","T",0," "," ","T",0," "," ","T",0," "," ","T",0," "," ","T",0," "," ","T",0," "," ","T",0," "," ","T",NA," "," "," "
"660","USS0012L05S",2019,7,"TMAX",209," "," ","T",223," "," ","T",211," "," ","T",206," "," ","T",213," "," ","T",222," "," ","T",181," "," ","T",194," "," ","T",218," "," ","T",250," "," ","T",226," "," ","T",233," "," ","T",203," "," ","T",241," "," ","T",251," "," ","T",247," "," ","T",224," "," ","T",238," "," ","T",248," "," ","T",242," "," ","T",256," "," ","T",246," "," ","T",242," "," ","T",217," "," ","T",195," "," ","T",198," "," ","T",193," "," ","T",233," "," ","T",242," "," ","T",229," "," ","T",164," "," ","T"
"661","USS0012L05S",2019,7,"TMIN",55," "," ","T",58," "," ","T",85," "," ","T",57," "," ","T",59," "," ","T",48," "," ","T",39," "," ","T",10," "," ","T",23," "," ","T",56," "," ","T",92," "," ","T",113," "," ","T",100," "," ","T",97," "," ","T",136," "," ","T",102," "," ","T",90," "," ","T",93," "," ","T",93," "," ","T",78," "," ","T",106," "," ","T",109," "," ","T",124," "," ","T",114," "," ","T",97," "," ","T",92," "," ","T",106," "," ","T",75," "," ","T",107," "," ","T",122," "," ","T",84," "," ","T"
"662","USS0012L05S",2019,7,"TOBS",92," "," ","T",121," "," ","T",106," "," ","T",112," "," ","T",90," "," ","T",84," "," ","T",70," "," ","T",91," "," ","T",98," "," ","T",120," "," ","T",133," "," ","T",147," "," ","T",106," "," ","T",151," "," ","T",152," "," ","T",119," "," ","T",116," "," ","T",124," "," ","T",146," "," ","T",138," "," ","T",122," "," ","T",161," "," ","T",142," "," ","T",122," "," ","T",120," "," ","T",108," "," ","T",108," "," ","T",113," "," ","T",161," "," ","T",143," "," ","T",87," "," ","T"
"663","USS0012L05S",2019,7,"PRCP",0," "," ","T",0," "," ","T",0," "," ","T",0," "," ","T",0," "," ","T",0," "," ","T",0," "," ","T",0," "," ","T",0," "," ","T",0," "," ","T",0," "," ","T",0," "," ","T",0," "," ","T",0," "," ","T",0," "," ","T",0," "," ","T",0," "," ","T",0," "," ","T",0," "," ","T",0," "," ","T",0," "," ","T",0," "," ","T",0," "," ","T",76," "," ","T",51," "," ","T",51," "," ","T",25," "," ","T",0," "," ","T",0," "," ","T",0," "," ","T",51," "," ","T"
"664","USS0012L05S",2019,7,"SNWD",0," "," ","T",0," "," ","T",0," "," ","T",0," "," ","T",0," "," ","T",0," "," ","T",0," "," ","T",0," "," ","T",0," "," ","T",0," "," ","T",0," "," ","T",0," "," ","T",0," "," ","T",0," "," ","T",0," "," ","T",0," "," ","T",0," "," ","T",0," "," ","T",0," "," ","T",0," "," ","T",0," "," ","T",0," "," ","T",0," "," ","T",0," "," ","T",0," "," ","T",0," "," ","T",0," "," ","T",0," "," ","T",0," "," ","T",0," "," ","T",0," "," ","T"
"665","USS0012L05S",2019,7,"TAVG",130," "," ","T",156," "," ","T",149," "," ","T",140," "," ","T",138," "," ","T",145," "," ","T",105," "," ","T",111," "," ","T",136," "," ","T",167," "," ","T",143," "," ","T",168," "," ","T",150," "," ","T",171," "," ","T",182," "," ","T",180," "," ","T",161," "," ","T",171," "," ","T",175," "," ","T",171," "," ","T",184," "," ","T",181," "," ","T",173," "," ","T",147," "," ","T",135," "," ","T",138," "," ","T",143," "," ","T",157," "," ","T",178," "," ","T",172," "," ","T",124," "," ","T"
"666","USS0012L05S",2019,7,"WESD",0," "," ","T",0," "," ","T",0," "," ","T",0," "," ","T",0," "," ","T",0," "," ","T",0," "," ","T",0," "," ","T",0," "," ","T",0," "," ","T",0," "," ","T",0," "," ","T",0," "," ","T",0," "," ","T",0," "," ","T",0," "," ","T",0," "," ","T",0," "," ","T",0," "," ","T",0," "," ","T",0," "," ","T",0," "," ","T",0," "," ","T",0," "," ","T",0," "," ","T",0," "," ","T",0," "," ","T",0," "," ","T",0," "," ","T",0," "," ","T",0," "," ","T"
"667","USS0012L05S",2019,8,"TMAX",211," "," ","T",245," "," ","T",221," "," ","T",210," "," ","T",248," "," ","T",233," "," ","T",170," "," ","T",208," "," ","T",213," "," ","T",212," "," ","T",205," "," ","T",214," "," ","T",228," "," ","T",244," "," ","T",250," "," ","T",238," "," ","T",234," "," ","T",239," "," ","T",233," "," ","T",248," "," ","T",253," "," ","T",230," "," ","T",218," "," ","T",234," "," ","T",239," "," ","T",206," "," ","T",229," "," ","T",244," "," ","T",231," "," ","T",242," "," ","T",254," "," ","T"
"668","USS0012L05S",2019,8,"TMIN",73," "," ","T",99," "," ","T",122," "," ","T",111," "," ","T",106," "," ","T",121," "," ","T",100," "," ","T",86," "," ","T",82," "," ","T",80," "," ","T",93," "," ","T",77," "," ","T",87," "," ","T",96," "," ","T",128," "," ","T",129," "," ","T",125," "," ","T",95," "," ","T",87," "," ","T",82," "," ","T",102," "," ","T",126," "," ","T",91," "," ","T",100," "," ","T",113," "," ","T",91," "," ","T",83," "," ","T",97," "," ","T",95," "," ","T",102," "," ","T",113," "," ","T"
"669","USS0012L05S",2019,8,"TOBS",113," "," ","T",134," "," ","T",122," "," ","T",141," "," ","T",155," "," ","T",155," "," ","T",110," "," ","T",85," "," ","T",106," "," ","T",122," "," ","T",117," "," ","T",130," "," ","T",111," "," ","T",149," "," ","T",162," "," ","T",146," "," ","T",143," "," ","T",140," "," ","T",120," "," ","T",119," "," ","T",146," "," ","T",143," "," ","T",133," "," ","T",147," "," ","T",145," "," ","T",107," "," ","T",116," "," ","T",112," "," ","T",144," "," ","T",134," "," ","T",131," "," ","T"
"670","USS0012L05S",2019,8,"PRCP",0," "," ","T",0," "," ","T",0," "," ","T",0," "," ","T",0," "," ","T",25," "," ","T",127," "," ","T",0," "," ","T",0," "," ","T",0," "," ","T",0," "," ","T",0," "," ","T",0," "," ","T",0," "," ","T",0," "," ","T",0," "," ","T",0," "," ","T",0," "," ","T",0," "," ","T",0," "," ","T",0," "," ","T",0," "," ","T",0," "," ","T",0," "," ","T",0," "," ","T",0," "," ","T",0," "," ","T",0," "," ","T",0," "," ","T",0," "," ","T",0," "," ","T"
"671","USS0012L05S",2019,8,"SNWD",0," "," ","T",0," "," ","T",0," "," ","T",0," "," ","T",0," "," ","T",0," "," ","T",0," "," ","T",0," "," ","T",0," "," ","T",0," "," ","T",0," "," ","T",0," "," ","T",0," "," ","T",0," "," ","T",0," "," ","T",0," "," ","T",0," "," ","T",0," "," ","T",0," "," ","T",0," "," ","T",0," "," ","T",0," "," ","T",0," "," ","T",0," "," ","T",0," "," ","T",0," "," ","T",0," "," ","T",0," "," ","T",0," "," ","T",0," "," ","T",0," "," ","T"
"672","USS0012L05S",2019,8,"TAVG",141," "," ","T",166," "," ","T",157," "," ","T",146," "," ","T",168," "," ","T",163," "," ","T",130," "," ","T",137," "," ","T",145," "," ","T",148," "," ","T",147," "," ","T",147," "," ","T",163," "," ","T",170," "," ","T",189," "," ","T",183," "," ","T",173," "," ","T",172," "," ","T",165," "," ","T",169," "," ","T",174," "," ","T",166," "," ","T",160," "," ","T",174," "," ","T",182," "," ","T",150," "," ","T",151," "," ","T",165," "," ","T",169," "," ","T",175," "," ","T",180," "," ","T"
"673","USS0012L05S",2019,8,"WESD",0," "," ","T",0," "," ","T",0," "," ","T",0," "," ","T",0," "," ","T",0," "," ","T",0," "," ","T",0," "," ","T",0," "," ","T",0," "," ","T",0," "," ","T",0," "," ","T",0," "," ","T",0," "," ","T",0," "," ","T",0," "," ","T",0," "," ","T",0," "," ","T",0," "," ","T",0," "," ","T",0," "," ","T",0," "," ","T",0," "," ","T",0," "," ","T",0," "," ","T",0," "," ","T",0," "," ","T",0," "," ","T",0," "," ","T",0," "," ","T",0," "," ","T"
"674","USS0012L05S",2019,9,"TMAX",254," "," ","T",240," "," ","T",213," "," ","T",233," "," ","T",235," "," ","T",230," "," ","T",221," "," ","T",182," "," ","T",190," "," ","T",172," "," ","T",120," "," ","T",153," "," ","T",200," "," ","T",215," "," ","T",221," "," ","T",191," "," ","T",158," "," ","T",181," "," ","T",176," "," ","T",105," "," ","T",115," "," ","T",171," "," ","T",158," "," ","T",160," "," ","T",189," "," ","T",196," "," ","T",165," "," ","T",149," "," ","T",101," "," ","T",124," "," ","T",NA," "," "," "
"675","USS0012L05S",2019,9,"TMIN",112," "," ","T",116," "," ","T",112," "," ","T",108," "," ","T",121," "," ","T",96," "," ","T",92," "," ","T",65," "," ","T",36," "," ","T",73," "," ","T",10," "," ","T",1," "," ","T",35," "," ","T",76," "," ","T",77," "," ","T",62," "," ","T",37," "," ","T",35," "," ","T",33," "," ","T",6," "," ","T",2," "," ","T",1," "," ","T",40," "," ","T",51," "," ","T",50," "," ","T",61," "," ","T",56," "," ","T",63," "," ","T",10," "," ","T",-5," "," ","T",NA," "," "," "
"676","USS0012L05S",2019,9,"TOBS",148," "," ","T",140," "," ","T",142," "," ","T",138," "," ","T",137," "," ","T",110," "," ","T",114," "," ","T",67," "," ","T",105," "," ","T",95," "," ","T",28," "," ","T",44," "," ","T",80," "," ","T",86," "," ","T",87," "," ","T",117," "," ","T",42," "," ","T",97," "," ","T",34," "," ","T",25," "," ","T",16," "," ","T",60," "," ","T",68," "," ","T",57," "," ","T",79," "," ","T",94," "," ","T",85," "," ","T",68," "," ","T",14," "," ","T",28," "," ","T",NA," "," "," "
"677","USS0012L05S",2019,9,"PRCP",0," "," ","T",0," "," ","T",51," "," ","T",0," "," ","T",0," "," ","T",0," "," ","T",0," "," ","T",0," "," ","T",0," "," ","T",0," "," ","T",76," "," ","T",0," "," ","T",0," "," ","T",25," "," ","T",0," "," ","T",0," "," ","T",0," "," ","T",0," "," ","T",0," "," ","T",0," "," ","T",0," "," ","T",0," "," ","T",0," "," ","T",0," "," ","T",0," "," ","T",0," "," ","T",0," "," ","T",0," "," ","T",25," "," ","T",0," "," ","T",NA," "," "," "
"678","USS0012L05S",2019,9,"SNWD",0," "," ","T",0," "," ","T",0," "," ","T",0," "," ","T",0," "," ","T",0," "," ","T",0," "," ","T",0," "," ","T",0," "," ","T",0," "," ","T",0," "," ","T",0," "," ","T",0," "," ","T",0," "," ","T",0," "," ","T",0," "," ","T",0," "," ","T",0," "," ","T",0," "," ","T",0," "," ","T",0," "," ","T",0," "," ","T",0," "," ","T",0," "," ","T",0," "," ","T",0," "," ","T",0," "," ","T",0," "," ","T",0," "," ","T",0," "," ","T",NA," "," "," "
"679","USS0012L05S",2019,9,"TAVG",180," "," ","T",172," "," ","T",150," "," ","T",153," "," ","T",169," "," ","T",152," "," ","T",147," "," ","T",134," "," ","T",121," "," ","T",118," "," ","T",68," "," ","T",75," "," ","T",113," "," ","T",138," "," ","T",141," "," ","T",122," "," ","T",108," "," ","T",108," "," ","T",112," "," ","T",51," "," ","T",55," "," ","T",91," "," ","T",98," "," ","T",101," "," ","T",119," "," ","T",126," "," ","T",115," "," ","T",102," "," ","T",60," "," ","T",51," "," ","T",NA," "," "," "
"680","USS0012L05S",2019,9,"WESD",0," "," ","T",0," "," ","T",0," "," ","T",0," "," ","T",0," "," ","T",0," "," ","T",0," "," ","T",0," "," ","T",0," "," ","T",0," "," ","T",0," "," ","T",0," "," ","T",0," "," ","T",0," "," ","T",0," "," ","T",0," "," ","T",0," "," ","T",0," "," ","T",0," "," ","T",0," "," ","T",0," "," ","T",0," "," ","T",0," "," ","T",0," "," ","T",0," "," ","T",0," "," ","T",0," "," ","T",0," "," ","T",0," "," ","T",0," "," ","T",NA," "," "," "
"681","USS0012L05S",2019,10,"TMAX",114," "," ","T",127," "," ","T",160," "," ","T",131," "," ","T",138," "," ","T",118," "," ","T",174," "," ","T",144," "," ","T",120," "," ","T",-13," "," ","T",92," "," ","T",113," "," ","T",136," "," ","T",119," "," ","T",144," "," ","T",177," "," ","T",137," "," ","T",72," "," ","T",102," "," ","T",5," "," ","T",54," "," ","T",96," "," ","T",78," "," ","T",50," "," ","T",136," "," ","T",149," "," ","T",43," "," ","T",2," "," ","T",-32," "," ","T",-28," "," ","T",102," "," ","T"
"682","USS0012L05S",2019,10,"TMIN",-13," "," ","T",-18," "," ","T",13," "," ","T",-10," "," ","T",-22," "," ","T",-26," "," ","T",0," "," ","T",-33," "," ","T",-94," "," ","T",-106," "," ","T",-85," "," ","T",-35," "," ","T",-10," "," ","T",-4," "," ","T",-9," "," ","T",28," "," ","T",1," "," ","T",-33," "," ","T",-27," "," ","T",-55," "," ","T",-13," "," ","T",-15," "," ","T",-28," "," ","T",-47," "," ","T",-6," "," ","T",15," "," ","T",-103," "," ","T",-145," "," ","T",-170," "," ","T",-195," "," ","T",-96," "," ","T"
"683","USS0012L05S",2019,10,"TOBS",6," "," ","T",42," "," ","T",80," "," ","T",-9," "," ","T",24," "," ","T",11," "," ","T",48," "," ","T",88," "," ","T",-70," "," ","T",-71," "," ","T",-19," "," ","T",-4," "," ","T",8," "," ","T",4," "," ","T",31," "," ","T",84," "," ","T",3," "," ","T",-5," "," ","T",-20," "," ","T",-4," "," ","T",15," "," ","T",4," "," ","T",-28," "," ","T",46," "," ","T",23," "," ","T",41," "," ","T",-102," "," ","T",-33," "," ","T",-165," "," ","T",-87," "," ","T",-8," "," ","T"
"684","USS0012L05S",2019,10,"PRCP",0," "," ","T",0," "," ","T",0," "," ","T",0," "," ","T",0," "," ","T",0," "," ","T",0," "," ","T",0," "," ","T",0," "," ","T",0," "," ","T",0," "," ","T",0," "," ","T",0," "," ","T",0," "," ","T",0," "," ","T",0," "," ","T",0," "," ","T",51," "," ","T",51," "," ","T",0," "," ","T",0," "," ","T",25," "," ","T",0," "," ","T",0," "," ","T",0," "," ","T",0," "," ","T",0," "," ","T",0," "," ","T",0," "," ","T",0," "," ","T",0," "," ","T"
"685","USS0012L05S",2019,10,"SNWD",0," "," ","T",0," "," ","T",0," "," ","T",0," "," ","T",0," "," ","T",0," "," ","T",0," "," ","T",0," "," ","T",0," "," ","T",0," "," ","T",0," "," ","T",0," "," ","T",0," "," ","T",0," "," ","T",0," "," ","T",0," "," ","T",0," "," ","T",0," "," ","T",0," "," ","T",0," "," ","T",0," "," ","T",0," "," ","T",0," "," ","T",0," "," ","T",0," "," ","T",0," "," ","T",0," "," ","T",0," "," ","T",0," "," ","T",0," "," ","T",0," "," ","T"
"686","USS0012L05S",2019,10,"TAVG",45," "," ","T",51," "," ","T",92," "," ","T",69," "," ","T",53," "," ","T",42," "," ","T",76," "," ","T",76," "," ","T",30," "," ","T",-64," "," ","T",4," "," ","T",34," "," ","T",58," "," ","T",59," "," ","T",70," "," ","T",103," "," ","T",84," "," ","T",11," "," ","T",32," "," ","T",-24," "," ","T",17," "," ","T",40," "," ","T",26," "," ","T",-1," "," ","T",64," "," ","T",83," "," ","T",-48," "," ","T",-54," "," ","T",-93," "," ","T",-97," "," ","T",12," "," ","T"
"687","USS0012L05S",2019,10,"WESD",0," "," ","T",0," "," ","T",0," "," ","T",0," "," ","T",0," "," ","T",0," "," ","T",0," "," ","T",0," "," ","T",0," "," ","T",0," "," ","T",0," "," ","T",0," "," ","T",0," "," ","T",0," "," ","T",0," "," ","T",0," "," ","T",0," "," ","T",0," "," ","T",0," "," ","T",0," "," ","T",0," "," ","T",0," "," ","T",0," "," ","T",0," "," ","T",25," "," ","T",25," "," ","T",0," "," ","T",0," "," ","T",0," "," ","T",0," "," ","T",0," "," ","T"
"688","USS0012L05S",2019,11,"TMAX",69," "," ","T",102," "," ","T",207," ","S","T",91," "," ","T",106," "," ","T",95," "," ","T",110," "," ","T",122," "," ","T",136," "," ","T",140," "," ","T",65," "," ","T",108," "," ","T",102," "," ","T",118," "," ","T",114," "," ","T",82," "," ","T",116," "," ","T",126," "," ","T",108," "," ","T",31," "," ","T",20," "," ","T",15," "," ","T",93," "," ","T",76," "," ","T",22," "," ","T",-60," "," ","T",-20," "," ","T",13," "," ","T",-11," "," ","T",-49," "," ","T",NA," "," "," "
"689","USS0012L05S",2019,11,"TMIN",-38," "," ","T",-38," "," ","T",-12," "," ","T",-12," "," ","T",-18," "," ","T",-17," "," ","T",-12," "," ","T",-13," "," ","T",12," "," ","T",7," "," ","T",-36," "," ","T",-44," "," ","T",1," "," ","T",-2," "," ","T",9," "," ","T",-30," "," ","T",-35," "," ","T",7," "," ","T",10," "," ","T",-22," "," ","T",-144," "," ","T",-83," "," ","T",-110," "," ","T",-173," "," ","T",-110," "," ","T",-124," "," ","T",-107," "," ","T",-30," "," ","T",-96," "," ","T",-136," "," ","T",NA," "," "," "
"690","USS0012L05S",2019,11,"TOBS",-29," "," ","T",-2," "," ","T",7," "," ","T",-6," "," ","T",-7," "," ","T",26," "," ","T",-12," "," ","T",36," "," ","T",37," "," ","T",39," "," ","T",-35," "," ","T",24," "," ","T",19," "," ","T",55," "," ","T",38," "," ","T",-33," "," ","T",40," "," ","T",76," "," ","T",10," "," ","T",-18," "," ","T",-59," "," ","T",-71," "," ","T",-50," "," ","T",19," "," ","T",-109," "," ","T",-91," "," ","T",-28," "," ","T",-11," "," ","T",-96," "," ","T",-103," "," ","T",NA," "," "," "
"691","USS0012L05S",2019,11,"PRCP",76," "," ","T",0," "," ","T",0," "," ","T",0," "," ","T",0," "," ","T",0," "," ","T",0," "," ","T",0," "," ","T",0," "," ","T",0," "," ","T",0," "," ","T",0," "," ","T",0," "," ","T",0," "," ","T",0," "," ","T",0," "," ","T",0," "," ","T",25," "," ","T",76," "," ","T",254," "," ","T",127," "," ","T",25," "," ","T",0," "," ","T",0," "," ","T",0," "," ","T",0," "," ","T",25," "," ","T",152," "," ","T",229," "," ","T",0," "," ","T",NA," "," "," "
"692","USS0012L05S",2019,11,"SNWD",0," "," ","T",0," "," ","T",0," "," ","T",0," "," ","T",0," "," ","T",0," "," ","T",0," "," ","T",0," "," ","T",0," "," ","T",0," "," ","T",0," "," ","T",0," "," ","T",0," "," ","T",0," "," ","T",0," "," ","T",0," "," ","T",0," "," ","T",0," "," ","T",51," "," ","T",127," "," ","T",203," "," ","T",203," "," ","T",178," "," ","T",178," "," ","T",178," "," ","T",178," "," ","T",178," "," ","T",330," "," ","T",483," "," ","T",406," "," ","T",NA," "," "," "
"693","USS0012L05S",2019,11,"TAVG",8," "," ","T",31," "," ","T",51," "," ","T",32," "," ","T",37," "," ","T",31," "," ","T",46," "," ","T",47," "," ","T",67," "," ","T",63," "," ","T",14," "," ","T",30," "," ","T",47," "," ","T",60," "," ","T",59," "," ","T",23," "," ","T",45," "," ","T",57," "," ","T",55," "," ","T",6," "," ","T",-47," "," ","T",-47," "," ","T",-26," "," ","T",-18," "," ","T",-42," "," ","T",-101," "," ","T",-48," "," ","T",-21," "," ","T",-60," "," ","T",-98," "," ","T",NA," "," "," "
"694","USS0012L05S",2019,11,"WESD",0," "," ","T",0," "," ","T",0," "," ","T",0," "," ","T",0," "," ","T",0," "," ","T",0," "," ","T",0," "," ","T",0," "," ","T",0," "," ","T",0," "," ","T",0," "," ","T",0," "," ","T",0," "," ","T",0," "," ","T",0," "," ","T",0," "," ","T",25," "," ","T",102," "," ","T",305," "," ","T",330," "," ","T",330," "," ","T",330," "," ","T",330," "," ","T",330," "," ","T",330," "," ","T",356," "," ","T",508," "," ","T",686," "," ","T",686," "," ","T",NA," "," "," "
"695","USS0012L05S",2019,12,"TMAX",36," "," ","T",65," "," ","T",56," "," ","T",57," "," ","T",29," "," ","T",58," "," ","T",43," "," ","T",17," "," ","T",-15," "," ","T",53," "," ","T",48," "," ","T",52," "," ","T",18," "," ","T",13," "," ","T",-38," "," ","T",-77," "," ","T",27," "," ","T",20," "," ","T",5," "," ","T",68," "," ","T",70," "," ","T",40," "," ","T",27," "," ","T",-2," "," ","T",-30," "," ","T",-5," "," ","T",-26," "," ","T",-105," "," ","T",-38," "," ","T",8," "," ","T",46," "," ","T"
"696","USS0012L05S",2019,12,"TMIN",-109," "," ","T",-26," "," ","T",-30," "," ","T",-22," "," ","T",-57," "," ","T",-62," "," ","T",-42," "," ","T",-63," "," ","T",-98," "," ","T",-88," "," ","T",-61," "," ","T",-55," "," ","T",-17," "," ","T",-132," "," ","T",-120," "," ","T",-168," "," ","T",-130," "," ","T",-75," "," ","T",-95," "," ","T",-86," "," ","T",-22," "," ","T",-16," "," ","T",-47," "," ","T",-55," "," ","T",-84," "," ","T",-132," "," ","T",-115," "," ","T",-145," "," ","T",-185," "," ","T",-116," "," ","T",-143," "," ","T"
"697","USS0012L05S",2019,12,"TOBS",-19," "," ","T",18," "," ","T",8," "," ","T",-14," "," ","T",-44," "," ","T",-26," "," ","T",1," "," ","T",-34," "," ","T",-76," "," ","T",-50," "," ","T",-44," "," ","T",18," "," ","T",9," "," ","T",-107," "," ","T",-120," "," ","T",-108," "," ","T",-52," "," ","T",-53," "," ","T",-81," "," ","T",22," "," ","T",38," "," ","T",-8," "," ","T",-24," "," ","T",-43," "," ","T",-84," "," ","T",-88," "," ","T",-116," "," ","T",-141," "," ","T",-91," "," ","T",-89," "," ","T",-70," "," ","T"
"698","USS0012L05S",2019,12,"PRCP",0," "," ","T",0," "," ","T",0," "," ","T",127," "," ","T",25," "," ","T",0," "," ","T",0," "," ","T",76," "," ","T",0," "," ","T",0," "," ","T",0," "," ","T",0," "," ","T",25," "," ","T",51," "," ","T",0," "," ","T",0," "," ","T",0," "," ","T",0," "," ","T",0," "," ","T",0," "," ","T",0," "," ","T",25," "," ","T",0," "," ","T",51," "," ","T",0," "," ","T",0," "," ","T",76," "," ","T",0," "," ","T",0," "," ","T",0," "," ","T",0," "," ","T"
"699","USS0012L05S",2019,12,"SNWD",381," "," ","T",356," "," ","T",356," "," ","T",432," "," ","T",457," "," ","T",432," "," ","T",406," "," ","T",457," "," ","T",432," "," ","T",406," "," ","T",406," "," ","T",406," "," ","T",406," "," ","T",406," "," ","T",381," "," ","T",381," "," ","T",381," "," ","T",381," "," ","T",381," "," ","T",381," "," ","T",381," "," ","T",381," "," ","T",381," "," ","T",432," "," ","T",457," "," ","T",457," "," ","T",508," "," ","T",432," "," ","T",432," "," ","T",432," "," ","T",432," "," ","T"
"700","USS0012L05S",2019,12,"TAVG",-44," "," ","T",23," "," ","T",10," "," ","T",3," "," ","T",-15," "," ","T",-20," "," ","T",10," "," ","T",-15," "," ","T",-50," "," ","T",-27," "," ","T",-16," "," ","T",15," "," ","T",1," "," ","T",-36," "," ","T",-93," "," ","T",-121," "," ","T",-54," "," ","T",-41," "," ","T",-51," "," ","T",-11," "," ","T",20," "," ","T",12," "," ","T",-11," "," ","T",-29," "," ","T",-61," "," ","T",-83," "," ","T",-77," "," ","T",-126," "," ","T",-104," "," ","T",-65," "," ","T",-45," "," ","T"
"701","USS0012L05S",2019,12,"WESD",686," "," ","T",686," "," ","T",686," "," ","T",787," "," ","T",813," "," ","T",813," "," ","T",813," "," ","T",864," "," ","T",864," "," ","T",864," "," ","T",864," "," ","T",864," "," ","T",889," "," ","T",914," "," ","T",914," "," ","T",914," "," ","T",914," "," ","T",914," "," ","T",914," "," ","T",914," "," ","T",914," "," ","T",940," "," ","T",940," "," ","T",965," "," ","T",965," "," ","T",965," "," ","T",965," "," ","T",965," "," ","T",965," "," ","T",965," "," ","T",965," "," ","T"
"702","USS0012L05S",2020,1,"TMAX",88," "," ","T",-35," "," ","T",46," "," ","T",64," "," ","T",24," "," ","T",6," "," ","T",59," "," ","T",0," "," ","T",-29," "," ","T",-43," "," ","T",-8," "," ","T",-45," "," ","T",-7," "," ","T",21," "," ","T",33," "," ","T",44," "," ","T",-26," "," ","T",22," "," ","T",60," "," ","T",45," "," ","T",5," "," ","T",14," "," ","T",44," "," ","T",65," "," ","T",50," "," ","T",84," "," ","T",-11," "," ","T",27," "," ","T",-8," "," ","T",-11," "," ","T",41," "," ","T"
"703","USS0012L05S",2020,1,"TMIN",-88," "," ","T",-78," "," ","T",-80," "," ","T",-56," "," ","T",-69," "," ","T",-72," "," ","T",-218," ","S","T",-241," ","S","T",-128," "," ","T",-131," "," ","T",-89," "," ","T",-132," "," ","T",-63," "," ","T",-78," "," ","T",-214," "," ","T",-232," ","S","T",-138," "," ","T",-117," "," ","T",-69," "," ","T",-44," "," ","T",-63," "," ","T",-47," "," ","T",-54," "," ","T",-55," "," ","T",-68," "," ","T",-29," "," ","T",-88," "," ","T",-95," "," ","T",-107," "," ","T",-99," "," ","T",-70," "," ","T"
"704","USS0012L05S",2020,1,"TOBS",-67," "," ","T",-56," "," ","T",-29," "," ","T",-53," "," ","T",-68," "," ","T",-60," "," ","T",-153," "," ","T",-107," "," ","T",-92," "," ","T",-75," "," ","T",-82," "," ","T",-62," "," ","T",-30," "," ","T",-76," "," ","T",-141," "," ","T",-29," "," ","T",-114," "," ","T",-46," "," ","T",-33," "," ","T",-18," "," ","T",-35," "," ","T",-45," "," ","T",-38," "," ","T",-49," "," ","T",2," "," ","T",-15," "," ","T",-84," "," ","T",-59," "," ","T",-58," "," ","T",-26," "," ","T",-22," "," ","T"
"705","USS0012L05S",2020,1,"PRCP",178," "," ","T",0," "," ","T",0," "," ","T",0," "," ","T",0," "," ","T",0," "," ","T",0," "," ","T",0," "," ","T",0," "," ","T",25," "," ","T",76," "," ","T",0," "," ","T",0," "," ","T",0," "," ","T",0," "," ","T",0," "," ","T",102," "," ","T",25," "," ","T",0," "," ","T",0," "," ","T",51," "," ","T",0," "," ","T",0," "," ","T",25," "," ","T",0," "," ","T",0," "," ","T",25," "," ","T",0," "," ","T",25," "," ","T",0," "," ","T",0," "," ","T"
"706","USS0012L05S",2020,1,"SNWD",483," "," ","T",483," "," ","T",457," "," ","T",483," "," ","T",483," "," ","T",457," "," ","T",457," "," ","T",483," "," ","T",483," "," ","T",508," "," ","T",559," "," ","T",559," "," ","T",508," "," ","T",483," "," ","T",457," "," ","T",457," "," ","T",559," "," ","T",533," "," ","T",533," "," ","T",508," "," ","T",559," "," ","T",533," "," ","T",533," "," ","T",533," "," ","T",559," "," ","T",533," "," ","T",533," "," ","T",533," "," ","T",559," "," ","T",533," "," ","T",533," "," ","T"
"707","USS0012L05S",2020,1,"TAVG",-25," "," ","T",-63," "," ","T",-27," "," ","T",4," "," ","T",-28," "," ","T",-45," "," ","T",-51," "," ","T",-98," "," ","T",-75," "," ","T",-93," "," ","T",-46," "," ","T",-75," "," ","T",-39," "," ","T",-27," "," ","T",-63," "," ","T",-56," "," ","T",-83," "," ","T",-43," "," ","T",-21," "," ","T",-8," "," ","T",-23," "," ","T",-15," "," ","T",-18," "," ","T",-10," "," ","T",-18," "," ","T",13," "," ","T",-43," "," ","T",-42," "," ","T",-53," "," ","T",-48," "," ","T",-10," "," ","T"
"708","USS0012L05S",2020,1,"WESD",1118," "," ","T",1118," "," ","T",1118," "," ","T",1118," "," ","T",1118," "," ","T",1118," "," ","T",1118," "," ","T",1118," "," ","T",1118," "," ","T",1143," "," ","T",1194," "," ","T",1194," "," ","T",1194," "," ","T",1194," "," ","T",1194," "," ","T",1194," "," ","T",1245," "," ","T",1270," "," ","T",1270," "," ","T",1270," "," ","T",1295," "," ","T",1295," "," ","T",1295," "," ","T",1321," "," ","T",1321," "," ","T",1321," "," ","T",1346," "," ","T",1346," "," ","T",1372," "," ","T",1372," "," ","T",1372," "," ","T"
"709","USS0012L05S",2020,2,"TMAX",111," "," ","T",96," "," ","T",-1," "," ","T",-113," "," ","T",-48," "," ","T",-3," "," ","T",24," "," ","T",65," "," ","T",-37," "," ","T",20," "," ","T",0," "," ","T",-16," "," ","T",54," "," ","T",54," "," ","T",36," "," ","T",50," "," ","T",13," "," ","T",20," "," ","T",10," "," ","T",42," "," ","T",61," "," ","T",67," "," ","T",19," "," ","T",-10," "," ","T",-36," "," ","T",43," "," ","T",64," "," ","T",82," "," ","T",68," "," ","T",NA," "," "," ",NA," "," "," "
"710","USS0012L05S",2020,2,"TMIN",-38," "," ","T",-1," "," ","T",-153," "," ","T",-207," "," ","T",-190," "," ","T",-48," "," ","T",-43," "," ","T",-65," "," ","T",-108," "," ","T",-136," "," ","T",-154," "," ","T",-108," "," ","T",-114," "," ","T",-51," "," ","T",-63," "," ","T",-22," "," ","T",-92," "," ","T",-157," "," ","T",-126," "," ","T",-131," "," ","T",-52," "," ","T",-32," "," ","T",-40," "," ","T",-94," "," ","T",-154," "," ","T",-130," "," ","T",-71," "," ","T",-58," "," ","T",-41," "," ","T",NA," "," "," ",NA," "," "," "
"711","USS0012L05S",2020,2,"TOBS",61," "," ","T",-1," "," ","T",-152," "," ","T",-181," "," ","T",-48," "," ","T",-7," "," ","T",-41," "," ","T",-63," "," ","T",-71," "," ","T",-122," "," ","T",-47," "," ","T",-87," "," ","T",-29," "," ","T",-27," "," ","T",-21," "," ","T",-20," "," ","T",-92," "," ","T",-32," "," ","T",-107," "," ","T",-26," "," ","T",-15," "," ","T",-26," "," ","T",-10," "," ","T",-93," "," ","T",-127," "," ","T",-13," "," ","T",-32," "," ","T",-27," "," ","T",-3," "," ","T",NA," "," "," ",NA," "," "," "
"712","USS0012L05S",2020,2,"PRCP",0," "," ","T",0," "," ","T",0," "," ","T",0," "," ","T",51," "," ","T",51," "," ","T",0," "," ","T",0," "," ","T",0," "," ","T",0," "," ","T",0," "," ","T",0," "," ","T",0," "," ","T",0," "," ","T",0," "," ","T",0," "," ","T",0," "," ","T",0," "," ","T",0," "," ","T",0," "," ","T",25," "," ","T",178," "," ","T",25," "," ","T",0," "," ","T",0," "," ","T",0," "," ","T",0," "," ","T",0," "," ","T",0," "," ","T",NA," "," "," ",NA," "," "," "
"713","USS0012L05S",2020,2,"SNWD",533," "," ","T",508," "," ","T",533," "," ","T",559," "," ","T",533," "," ","T",584," "," ","T",533," "," ","T",533," "," ","T",559," "," ","T",559," "," ","T",559," "," ","T",559," "," ","T",559," "," ","T",559," "," ","T",559," "," ","T",559," "," ","T",559," "," ","T",559," "," ","T",559," "," ","T",559," "," ","T",533," "," ","T",711," "," ","T",711," "," ","T",711," "," ","T",711," "," ","T",686," "," ","T",686," "," ","T",686," "," ","T",686," "," ","T",NA," "," "," ",NA," "," "," "
"714","USS0012L05S",2020,2,"TAVG",33," "," ","T",52," "," ","T",-127," "," ","T",-156," "," ","T",-99," "," ","T",-17," "," ","T",-1," "," ","T",4," "," ","T",-70," "," ","T",-68," "," ","T",-64," "," ","T",-60," "," ","T",-35," "," ","T",-2," "," ","T",-8," "," ","T",16," "," ","T",-37," "," ","T",-55," "," ","T",-52," "," ","T",-45," "," ","T",4," "," ","T",0," "," ","T",-12," "," ","T",-51," "," ","T",-96," "," ","T",-22," "," ","T",-9," "," ","T",2," "," ","T",10," "," ","T",NA," "," "," ",NA," "," "," "
"715","USS0012L05S",2020,2,"WESD",1372," "," ","T",1372," "," ","T",1372," "," ","T",1372," "," ","T",1422," "," ","T",1499," "," ","T",1499," "," ","T",1499," "," ","T",1499," "," ","T",1499," "," ","T",1499," "," ","T",1499," "," ","T",1499," "," ","T",1499," "," ","T",1499," "," ","T",1499," "," ","T",1499," "," ","T",1499," "," ","T",1499," "," ","T",1499," "," ","T",1524," "," ","T",1727," "," ","T",1854," "," ","T",1854," "," ","T",1854," "," ","T",1854," "," ","T",1854," "," ","T",1854," "," ","T",1854," "," ","T",NA," "," "," ",NA," "," "," "
"716","USS0012L05S",2020,3,"TMAX",31," "," ","T",39," "," ","T",40," "," ","T",79," "," ","T",96," "," ","T",94," "," ","T",67," "," ","T",39," "," ","T",53," "," ","T",65," "," ","T",73," "," ","T",105," "," ","T",22," "," ","T",39," "," ","T",49," "," ","T",112," "," ","T",110," "," ","T",14," "," ","T",35," "," ","T",32," "," ","T",22," "," ","T",62," "," ","T",39," "," ","T",47," "," ","T",45," "," ","T",8," "," ","T",-36," "," ","T",0," "," ","T",24," "," ","T",58," "," ","T",90," "," ","T"
"717","USS0012L05S",2020,3,"TMIN",-82," "," ","T",-117," "," ","T",-71," "," ","T",-76," "," ","T",-62," "," ","T",-9," "," ","T",1," "," ","T",-47," "," ","T",-43," "," ","T",-18," "," ","T",-14," "," ","T",-16," "," ","T",-21," "," ","T",-31," "," ","T",-40," "," ","T",-54," "," ","T",-127," "," ","T",-43," "," ","T",-60," "," ","T",-85," "," ","T",-55," "," ","T",-70," "," ","T",-45," "," ","T",-39," "," ","T",-26," "," ","T",-93," "," ","T",-222," ","S","T",-206," "," ","T",-56," "," ","T",-232," ","S","T",-27," "," ","T"
"718","USS0012L05S",2020,3,"TOBS",-64," "," ","T",-48," "," ","T",-24," "," ","T",-20," "," ","T",-2," "," ","T",13," "," ","T",9," "," ","T",-26," "," ","T",3," "," ","T",-11," "," ","T",10," "," ","T",15," "," ","T",-16," "," ","T",-30," "," ","T",-19," "," ","T",6," "," ","T",-20," "," ","T",-39," "," ","T",-52," "," ","T",-49," "," ","T",-31," "," ","T",-16," "," ","T",-33," "," ","T",-10," "," ","T",-24," "," ","T",-81," "," ","T",-73," "," ","T",-47," "," ","T",-37," "," ","T",-13," "," ","T",27," "," ","T"
"719","USS0012L05S",2020,3,"PRCP",0," "," ","T",0," "," ","T",0," "," ","T",0," "," ","T",0," "," ","T",0," "," ","T",0," "," ","T",51," "," ","T",0," "," ","T",0," "," ","T",0," "," ","T",0," "," ","T",102," "," ","T",0," "," ","T",0," "," ","T",0," "," ","T",0," "," ","T",76," "," ","T",25," "," ","T",25," "," ","T",25," "," ","T",0," "," ","T",25," "," ","T",25," "," ","T",0," "," ","T",0," "," ","T",0," "," ","T",25," "," ","T",0," "," ","T",25," "," ","T",0," "," ","T"
"720","USS0012L05S",2020,3,"SNWD",686," "," ","T",660," "," ","T",660," "," ","T",660," "," ","T",635," "," ","T",610," "," ","T",610," "," ","T",635," "," ","T",610," "," ","T",610," "," ","T",584," "," ","T",559," "," ","T",635," "," ","T",584," "," ","T",559," "," ","T",559," "," ","T",533," "," ","T",559," "," ","T",584," "," ","T",559," "," ","T",584," "," ","T",559," "," ","T",584," "," ","T",559," "," ","T",559," "," ","T",584," "," ","T",610," "," ","T",584," "," ","T",584," "," ","T",584," "," ","T",533," "," ","T"
"721","USS0012L05S",2020,3,"TAVG",-18," "," ","T",-50," "," ","T",-19," "," ","T",9," "," ","T",23," "," ","T",31," "," ","T",29," "," ","T",-5," "," ","T",4," "," ","T",7," "," ","T",26," "," ","T",32," "," ","T",-8," "," ","T",-8," "," ","T",1," "," ","T",7," "," ","T",4," "," ","T",-22," "," ","T",-27," "," ","T",-38," "," ","T",-21," "," ","T",-4," "," ","T",-13," "," ","T",5," "," ","T",4," "," ","T",-39," "," ","T",-74," "," ","T",-41," "," ","T",-25," "," ","T",-18," "," ","T",37," "," ","T"
"722","USS0012L05S",2020,3,"WESD",1854," "," ","T",1854," "," ","T",1854," "," ","T",1854," "," ","T",1854," "," ","T",1854," "," ","T",1854," "," ","T",1905," "," ","T",1905," "," ","T",1905," "," ","T",1905," "," ","T",1905," "," ","T",1930," "," ","T",1930," "," ","T",1930," "," ","T",1930," "," ","T",1930," "," ","T",2032," "," ","T",2057," "," ","T",2083," "," ","T",2108," "," ","T",2108," "," ","T",2134," "," ","T",2134," "," ","T",2134," "," ","T",2134," "," ","T",2134," "," ","T",2159," "," ","T",2159," "," ","T",2184," "," ","T",2159," "," ","T"
"723","USS0012L05S",2020,4,"TMAX",84," "," ","T",86," "," ","T",35," "," ","T",68," "," ","T",64," "," ","T",60," "," ","T",96," "," ","T",90," "," ","T",69," "," ","T",97," "," ","T",97," "," ","T",9," "," ","T",-14," "," ","T",32," "," ","T",70," "," ","T",71," "," ","T",NA," "," "," ",NA," "," "," ",NA," "," "," ",NA," "," "," ",NA," "," "," ",NA," "," "," ",NA," "," "," ",NA," "," "," ",NA," "," "," ",NA," "," "," ",NA," "," "," ",131," "," ","T",190," "," ","T",180," "," ","T",NA," "," "," "
"724","USS0012L05S",2020,4,"TMIN",-182," "," ","T",-224," ","S","T",-100," "," ","T",-43," "," ","T",-1," "," ","T",-2," "," ","T",-30," "," ","T",-15," "," ","T",-25," "," ","T",-129," "," ","T",-177," ","S","T",-233," ","S","T",-265," ","S","T",-142," "," ","T",-210," "," ","T",-231," ","S","T",NA," "," "," ",NA," "," "," ",NA," "," "," ",NA," "," "," ",NA," "," "," ",NA," "," "," ",NA," "," "," ",NA," "," "," ",NA," "," "," ",NA," "," "," ",NA," "," "," ",4," "," ","T",-10," "," ","T",80," "," ","T",NA," "," "," "
"725","USS0012L05S",2020,4,"TOBS",15," "," ","T",-85," "," ","T",-20," "," ","T",10," "," ","T",13," "," ","T",0," "," ","T",-2," "," ","T",9," "," ","T",-26," "," ","T",3," "," ","T",-108," "," ","T",-132," "," ","T",-83," "," ","T",-53," "," ","T",-132," "," ","T",-45," "," ","T",NA," "," "," ",NA," "," "," ",NA," "," "," ",NA," "," "," ",NA," "," "," ",NA," "," "," ",NA," "," "," ",NA," "," "," ",NA," "," "," ",NA," "," "," ",NA," "," "," ",38," "," ","T",111," "," ","T",98," "," ","T",NA," "," "," "
"726","USS0012L05S",2020,4,"PRCP",25," "," ","T",0," "," ","T",0," "," ","T",0," "," ","T",0," "," ","T",0," "," ","T",0," "," ","T",0," "," ","T",51," "," ","T",0," "," ","T",25," "," ","T",0," "," ","T",0," "," ","T",0," "," ","T",51," "," ","T",0," "," ","T",0," "," ","T",0," "," ","T",127," "," ","T",25," "," ","T",25," "," ","T",0," "," ","T",0," "," ","T",0," "," ","T",0," "," ","T",0," "," ","T",0," "," ","T",0," "," ","T",0," "," ","T",0," "," ","T",NA," "," "," "
"727","USS0012L05S",2020,4,"SNWD",508," "," ","T",533," "," ","T",508," "," ","T",483," "," ","T",483," "," ","T",457," "," ","T",432," "," ","T",406," "," ","T",406," "," ","T",381," "," ","T",381," "," ","T",381," "," ","T",381," "," ","T",356," "," ","T",381," "," ","T",356," "," ","T",330," "," ","T",305," "," ","T",279," "," ","T",254," "," ","T",229," "," ","T",203," "," ","T",178," "," ","T",127," "," ","T",76," "," ","T",51," "," ","T",25," "," ","T",0," "," ","T",0," "," ","T",0," "," ","T",NA," "," "," "
"728","USS0012L05S",2020,4,"TAVG",11," "," ","T",-65," "," ","T",-17," "," ","T",23," "," ","T",29," "," ","T",25," "," ","T",30," "," ","T",43," "," ","T",12," "," ","T",15," "," ","T",0," "," ","T",-78," "," ","T",-59," "," ","T",-45," "," ","T",-16," "," ","T",-61," "," ","T",NA," "," "," ",NA," "," "," ",NA," "," "," ",NA," "," "," ",NA," "," "," ",NA," "," "," ",NA," "," "," ",NA," "," "," ",NA," "," "," ",NA," "," "," ",NA," "," "," ",87," "," ","T",114," "," ","T",128," "," ","T",NA," "," "," "
"729","USS0012L05S",2020,4,"WESD",2134," "," ","T",2057," "," ","T",2032," "," ","T",2007," "," ","T",1981," "," ","T",1930," "," ","T",1829," "," ","T",1702," "," ","T",1676," "," ","T",1575," "," ","T",1600," "," ","T",1524," "," ","T",1524," "," ","T",1575," "," ","T",1575," "," ","T",1422," "," ","T",1397," "," ","T",1270," "," ","T",1143," "," ","T",1016," "," ","T",889," "," ","T",762," "," ","T",635," "," ","T",508," "," ","T",381," "," ","T",254," "," ","T",127," "," ","T",51," "," ","T",25," "," ","T",0," "," ","T",NA," "," "," "
"730","USS0012L05S",2020,5,"TMAX",171," "," ","T",123," "," ","T",128," "," ","T",103," "," ","T",149," "," ","T",156," "," ","T",98," "," ","T",134," "," ","T",135," "," ","T",186," "," ","T",163," "," ","T",148," "," ","T",127," "," ","T",114," "," ","T",114," "," ","T",136," "," ","T",162," "," ","T",164," "," ","T",128," "," ","T",90," "," ","T",98," "," ","T",118," "," ","T",80," "," ","T",78," "," ","T",123," "," ","T",161," "," ","T",166," "," ","T",218," "," ","T",229," "," ","T",230," "," ","T",211," "," ","T"
"731","USS0012L05S",2020,5,"TMIN",-69," "," ","T",-103," ","S","T",-86," "," ","T",-15," "," ","T",-99," "," ","T",-28," "," ","T",-66," "," ","T",-100," "," ","T",-143," "," ","T",-92," "," ","T",-131," ","S","T",-106," ","S","T",-110," ","S","T",-130," ","S","T",-116," ","S","T",-128," ","S","T",-77," "," ","T",-55," "," ","T",-106," "," ","T",-100," "," ","T",-111," "," ","T",-100," "," ","T",-159," "," ","T",-91," "," ","T",-106," "," ","T",-94," "," ","T",-25," "," ","T",83," "," ","T",113," "," ","T",88," "," ","T",81," "," ","T"
"732","USS0012L05S",2020,5,"TOBS",-8," "," ","T",10," "," ","T",28," "," ","T",26," "," ","T",45," "," ","T",-2," "," ","T",2," "," ","T",-52," "," ","T",-26," "," ","T",-47," "," ","T",3," "," ","T",5," "," ","T",-54," "," ","T",-19," "," ","T",27," "," ","T",10," "," ","T",68," "," ","T",29," "," ","T",-85," "," ","T",-24," "," ","T",-45," "," ","T",-21," "," ","T",-47," "," ","T",7," "," ","T",-31," "," ","T",52," "," ","T",106," "," ","T",119," "," ","T",135," "," ","T",106," "," ","T",128," "," ","T"
"733","USS0012L05S",2020,5,"PRCP",0," "," ","T",0," "," ","T",0," "," ","T",0," "," ","T",0," "," ","T",0," "," ","T",0," "," ","T",0," "," ","T",0," "," ","T",0," "," ","T",0," "," ","T",25," "," ","T",0," "," ","T",0," "," ","T",0," "," ","T",0," "," ","T",0," "," ","T",0," "," ","T",0," "," ","T",0," "," ","T",0," "," ","T",0," "," ","T",0," "," ","T",0," "," ","T",0," "," ","T",0," "," ","T",0," "," ","T",0," "," ","T",0," "," ","T",0," "," ","T",0," "," ","T"
"734","USS0012L05S",2020,5,"SNWD",0," "," ","T",0," "," ","T",0," "," ","T",0," "," ","T",0," "," ","T",0," "," ","T",0," "," ","T",0," "," ","T",0," "," ","T",0," "," ","T",0," "," ","T",0," "," ","T",0," "," ","T",0," "," ","T",0," "," ","T",0," "," ","T",0," "," ","T",0," "," ","T",0," "," ","T",0," "," ","T",0," "," ","T",0," "," ","T",0," "," ","T",0," "," ","T",0," "," ","T",0," "," ","T",0," "," ","T",0," "," ","T",0," "," ","T",0," "," ","T",0," "," ","T"
"735","USS0012L05S",2020,5,"TAVG",90," "," ","T",37," "," ","T",53," "," ","T",46," "," ","T",64," "," ","T",77," "," ","T",36," "," ","T",28," "," ","T",21," "," ","T",44," "," ","T",48," "," ","T",43," "," ","T",29," "," ","T",-6," "," ","T",-5," "," ","T",7," "," ","T",32," "," ","T",60," "," ","T",35," "," ","T",-5," "," ","T",0," "," ","T",18," "," ","T",-22," "," ","T",4," "," ","T",-1," "," ","T",36," "," ","T",71," "," ","T",154," "," ","T",165," "," ","T",145," "," ","T",148," "," ","T"
"736","USS0012L05S",2020,5,"WESD",0," "," ","T",0," "," ","T",0," "," ","T",0," "," ","T",0," "," ","T",0," "," ","T",0," "," ","T",0," "," ","T",0," "," ","T",0," "," ","T",0," "," ","T",0," "," ","T",0," "," ","T",0," "," ","T",0," "," ","T",0," "," ","T",0," "," ","T",0," "," ","T",0," "," ","T",0," "," ","T",0," "," ","T",0," "," ","T",0," "," ","T",0," "," ","T",0," "," ","T",0," "," ","T",0," "," ","T",0," "," ","T",0," "," ","T",0," "," ","T",0," "," ","T"
"737","USS0012L05S",2020,6,"TMAX",198," "," ","T",188," "," ","T",197," "," ","T",222," "," ","T",228," "," ","T",140," "," ","T",126," "," ","T",19," ","O","T",122," "," ","T",173," "," ","T",212," "," ","T",221," "," ","T",172," "," ","T",190," "," ","T",213," "," ","T",193," "," ","T",148," "," ","T",164," "," ","T",156," "," ","T",208," "," ","T",NA," "," "," ",NA," "," "," ",NA," "," "," ",NA," "," "," ",NA," "," "," ",NA," "," "," ",NA," "," "," ",NA," "," "," ",NA," "," "," ",NA," "," "," ",NA," "," "," "
"738","USS0012L05S",2020,6,"TMIN",20," "," ","T",-17," "," ","T",4," "," ","T",20," "," ","T",9," "," ","T",-43," "," ","T",-106," ","O","T",-116," ","O","T",-22," "," ","T",25," "," ","T",48," "," ","T",81," "," ","T",60," "," ","T",30," "," ","T",63," "," ","T",96," "," ","T",6," "," ","T",-4," "," ","T",35," "," ","T",70," "," ","T",NA," "," "," ",NA," "," "," ",NA," "," "," ",NA," "," "," ",NA," "," "," ",NA," "," "," ",NA," "," "," ",NA," "," "," ",NA," "," "," ",NA," "," "," ",NA," "," "," "
"739","USS0012L05S",2020,6,"TOBS",119," "," ","T",87," "," ","T",81," "," ","T",99," "," ","T",38," "," ","T",35," "," ","T",-65," "," ","T",0," "," ","T",35," "," ","T",70," "," ","T",101," "," ","T",134," "," ","T",62," "," ","T",109," "," ","T",129," "," ","T",114," "," ","T",9," "," ","T",40," "," ","T",77," "," ","T",110," "," ","T",NA," "," "," ",NA," "," "," ",NA," "," "," ",NA," "," "," ",NA," "," "," ",NA," "," "," ",NA," "," "," ",NA," "," "," ",NA," "," "," ",NA," "," "," ",NA," "," "," "
"740","USS0012L05S",2020,6,"PRCP",0," "," ","T",0," "," ","T",0," "," ","T",0," "," ","T",0," "," ","T",51," "," ","T",25," "," ","T",25," "," ","T",0," "," ","T",0," "," ","T",0," "," ","T",NA," "," "," ",51," "," ","T",NA," "," "," ",NA," "," "," ",0," "," ","T",51," "," ","T",0," "," ","T",0," "," ","T",NA," "," "," ",NA," "," "," ",NA," "," "," ",NA," "," "," ",NA," "," "," ",NA," "," "," ",NA," "," "," ",NA," "," "," ",NA," "," "," ",NA," "," "," ",NA," "," "," ",NA," "," "," "
"741","USS0012L05S",2020,6,"SNWD",0," "," ","T",0," "," ","T",0," "," ","T",0," "," ","T",0," "," ","T",0," "," ","T",0," "," ","T",0," "," ","T",0," "," ","T",0," "," ","T",0," "," ","T",0," "," ","T",0," "," ","T",0," "," ","T",0," "," ","T",0," "," ","T",0," "," ","T",0," "," ","T",0," "," ","T",0," "," ","T",NA," "," "," ",NA," "," "," ",NA," "," "," ",NA," "," "," ",NA," "," "," ",NA," "," "," ",NA," "," "," ",NA," "," "," ",NA," "," "," ",NA," "," "," ",NA," "," "," "
"742","USS0012L05S",2020,6,"TAVG",109," "," ","T",85," "," ","T",100," "," ","T",111," "," ","T",122," "," ","T",67," "," ","T",32," "," ","T",-12," "," ","T",51," "," ","T",100," "," ","T",135," "," ","T",159," "," ","T",130," "," ","T",119," "," ","T",146," "," ","T",143," "," ","T",89," "," ","T",82," "," ","T",102," "," ","T",144," "," ","T",NA," "," "," ",NA," "," "," ",NA," "," "," ",NA," "," "," ",NA," "," "," ",NA," "," "," ",NA," "," "," ",NA," "," "," ",NA," "," "," ",NA," "," "," ",NA," "," "," "
"743","USS0012L05S",2020,6,"WESD",0," "," ","T",0," "," ","T",0," "," ","T",0," "," ","T",0," "," ","T",0," "," ","T",0," "," ","T",0," "," ","T",0," "," ","T",0," "," ","T",0," "," ","T",0," "," ","T",0," "," ","T",0," "," ","T",0," "," ","T",0," "," ","T",0," "," ","T",0," "," ","T",0," "," ","T",0," "," ","T",NA," "," "," ",NA," "," "," ",NA," "," "," ",NA," "," "," ",NA," "," "," ",NA," "," "," ",NA," "," "," ",NA," "," "," ",NA," "," "," ",NA," "," "," ",NA," "," "," "
